{"cameras": {"Camera0000": {"aspect": 1.3333333333, "width": 0.024, "resolution": 720, "frame": [-0.18208920158621636, 0.42074653136401896, -0.8887158595472688, -0.9832820158355777, -0.07791587906765143, 0.16457701274308542, 1.2981591623883977e-07, 0.9038260187305196, 0.4279001377257565, -2.700000047683716, 0.0, 1.7999999523162842], "lens": 0.035}, "Camera0001": {"aspect": 1.3333333333, "width": 0.024, "resolution": 720, "frame": [-0.22748089116690884, 0.41333291629302643, -0.8817076298085499, -0.9737825445929403, -0.0965567352546479, 0.20597172797027763, 8.481244151425916e-08, 0.905446131575847, 0.4244611911757387, -2.700411081314087, 0.1570078730583191, 1.7999999523162842], "lens": 0.035}, "Camera0002": {"aspect": 1.3333333333, "width": 0.024, "resolution": 720, "frame": [-0.27121158374225884, 0.4045141866001135, -0.8733914069208971, -0.9625197540019681, -0.11398104391402854, 0.2460976326262792, -8.06203530601123e-08, 0.9074010108367286, 0.4202658748131672, -2.701643466949463, 0.31358540058135986, 1.7999999523162842], "lens": 0.035}, "Camera0003": {"aspect": 1.3333333333, "width": 0.024, "resolution": 720, "frame": [-0.31294215332952047, 0.39454113770346017, -0.8639470466001617, -0.9497721877742455, -0.12999799763849432, 0.2846635065134011, 7.759874165458306e-08, 0.9096360872731695, 0.41540605283307164, -2.703693389892578, 0.4693033993244171, 1.7999999523162842], "lens": 0.035}, "Camera0004": {"aspect": 1.3333333333, "width": 0.024, "resolution": 720, "frame": [-0.3524110656787996, 0.38368350749029745, -0.8535768312618821, -0.9358453081503972, -0.1444834747367741, 0.32143130641067935, 1.4452531615916036e-07, 0.912091821917032, 0.40998598560444516, -2.7065556049346924, 0.6237350702285767, 1.7999999523162842], "lens": 0.035}, "Camera0005": {"aspect": 1.3333333333, "width": 0.024, "resolution": 720, "frame": [-0.3894377949505761, 0.3722116448702325, -0.8424943295281155, -0.92105276931564, -0.15737797783015006, 0.35622179639949497, -1.5313801782212916e-07, 0.9147079662477465, 0.4041154989392114, -2.7102222442626953, 0.7764571309089661, 1.7999999523162842], "lens": 0.035}, "Camera0006": {"aspect": 1.3333333333, "width": 0.024, "resolution": 720, "frame": [-0.423916540514824, 0.36038368592610065, -0.8309141746271159, -0.9057012568600867, -0.16867885797665214, 0.3889121702823809, -5.2624830715330946e-08, 0.9174263140928596, 0.3979057152265938, -2.7146830558776855, 0.9270510077476501, 1.7999999523162842], "lens": 0.035}, "Camera0007": {"aspect": 1.3333333333, "width": 0.024, "resolution": 720, "frame": [-0.45580744229342507, 0.3484349436432404, -0.8190437507229134, -0.890078409776302, -0.17843299291868003, 0.41943067542583445, -1.2401858384691846e-07, 0.9201927825659221, 0.39146550667149527, -2.719925880432129, 1.0751038789749146, 1.7999999523162842], "lens": 0.035}, "Camera0008": {"aspect": 1.3333333333, "width": 0.024, "resolution": 720, "frame": [-0.4851254338028351, 0.33656986387323956, -0.8070774685307228, -0.8744445742742136, -0.1867226600691102, 0.44775142070026397, -1.7091762671839206e-08, 0.9229601155787094, 0.38489560279501145, -2.7259364128112793, 1.2202099561691284, 1.7999999523162842], "lens": 0.035}, "Camera0009": {"aspect": 1.3333333333, "width": 0.024, "resolution": 720, "frame": [-0.5119295516139469, 0.32496012868215046, -0.7951912027627213, -0.8590274350591659, -0.19365714612151927, 0.4738868805651187, -1.1725874315970915e-07, 0.9256877575743069, 0.37828848181915015, -2.7326979637145996, 1.3619714975357056, 1.7999999523162842], "lens": 0.035}, "Camera0010": {"aspect": 1.3333333333, "width": 0.024, "resolution": 720, "frame": [-0.5363099662143137, 0.3137449389963242, -0.7835405116478626, -0.8440211017144059, -0.19936062969780632, 0.49787922148578806, -4.3823263240483343e-08, 0.9283423143327503, 0.3717264416466915, -2.740192413330078, 1.5, 1.7999999523162842], "lens": 0.035}, "Camera0011": {"aspect": 1.3333333333, "width": 0.024, "resolution": 720, "frame": [-0.55838037680595, 0.3030312871051982, -0.7722586314398902, -0.8295850497676385, -0.20396579110663549, 0.5197947684040972, -2.650005228588239e-07, 0.9308974138397911, 0.3652807206879642, -2.748398780822754, 1.6339170932769775, 1.7999999523162842], "lens": 0.035}, "Camera0012": {"aspect": 1.3333333333, "width": 0.024, "resolution": 720, "frame": [-0.5782643945048441, 0.29289822914815355, -0.7614597280288837, -0.8158494285393267, -0.20760278572381394, 0.539713621573299, 3.2506619618288823e-09, 0.9333336545531763, 0.359010152054802, -2.7572948932647705, 1.7633557319641113, 1.7999999523162842], "lens": 0.035}, "Camera0013": {"aspect": 1.3333333333, "width": 0.024, "resolution": 720, "frame": [-0.5960951141551499, 0.28340112057091926, -0.7512352625772475, -0.8029138278049252, -0.21040123811224204, 0.5577281632843, -4.291109689802396e-08, 0.9356362134184327, 0.3529658285727037, -2.7668561935424805, 1.8879611492156982, 1.7999999523162842], "lens": 0.035}, "Camera0014": {"aspect": 1.3333333333, "width": 0.024, "resolution": 720, "frame": [-0.6120031103047929, 0.27457506119798447, -0.7416607908912151, -0.7908553552813935, -0.2124798207322124, 0.5739339097878324, -1.3489083627860055e-08, 0.937795746178095, 0.3471874687402612, -2.7770564556121826, 2.007391929626465, 1.7999999523162842], "lens": 0.035}, "Camera0015": {"aspect": 1.3333333333, "width": 0.024, "resolution": 720, "frame": [-0.6261167581449703, 0.2664386016179102, -0.7327948394591255, -0.7797293153204055, -0.21394826970751743, 0.5884286980757577, -6.848572553508342e-08, 0.9398066872804491, 0.3417065854544559, -2.787868022918701, 2.1213202476501465, 1.7999999523162842], "lens": 0.035}, "Camera0016": {"aspect": 1.3333333333, "width": 0.024, "resolution": 720, "frame": [-0.6385572829780684, 0.25899883715135275, -0.7246821363259303, -0.7695742955398551, -0.21490523184869764, 0.6013078620543667, 5.451831341929389e-08, 0.9416662591801326, 0.33654814859347015, -2.7992608547210693, 2.2294344902038574, 1.7999999523162842], "lens": 0.035}, "Camera0017": {"aspect": 1.3333333333, "width": 0.024, "resolution": 720, "frame": [-0.6494373320760859, 0.2522530991203617, -0.7173559267825622, -0.7604151180150528, -0.21543807678958776, 0.6126624546708874, 2.2166577196003163e-07, 0.9433741617478066, 0.33173059995510545, -2.811203956604004, 2.331437826156616, 1.7999999523162842], "lens": 0.035}, "Camera0018": {"aspect": 1.3333333333, "width": 0.024, "resolution": 720, "frame": [-0.6588598276671487, 0.24619173742881822, -0.7108398947077992, -0.7522657293047479, -0.2156229388325703, 0.6225777226682636, 1.0409184625359539e-07, 0.9449319428778908, 0.3272668992260044, -2.823664426803589, 2.427051067352295, 1.7999999523162842], "lens": 0.035}, "Camera0019": {"aspect": 1.3333333333, "width": 0.024, "resolution": 720, "frame": [-0.6669168500892444, 0.24080127653860975, -0.7051500976986506, -0.74513214604326, -0.215524862417642, 0.6311316175036887, -7.863152262643772e-08, 0.9463423159180998, 0.32316593431666235, -2.8366081714630127, 2.5160117149353027, 1.7999999523162842], "lens": 0.035}, "Camera0020": {"aspect": 1.3333333333, "width": 0.024, "resolution": 720, "frame": [-0.6736899026575495, 0.23606573406277118, -0.7002962831963814, -0.7390141507828195, -0.2151991188445679, 0.6383944111529091, -9.77836052129531e-08, 0.9476087317294657, 0.3194333914137092, -2.8499999046325684, 2.598076105117798, 1.7999999523162842], "lens": 0.035}, "Camera0021": {"aspect": 1.3333333333, "width": 0.024, "resolution": 720, "frame": [-0.6792495065064068, 0.23196771998984173, -0.6962837674350287, -0.7339074246189384, -0.2146918835579538, 0.6444278758895641, -8.453455713208768e-09, 0.9487351432391722, 0.31607218793014286, -2.863802909851074, 2.6730196475982666, 1.7999999523162842], "lens": 0.035}, "Camera0022": {"aspect": 1.3333333333, "width": 0.024, "resolution": 720, "frame": [-0.6836565628555642, 0.22848961975836507, -0.6931134089939349, -0.7298038805490938, -0.2140416558507336, 0.6492861199010496, -3.1028335456539935e-09, 0.9497255725857622, 0.3130835939116678, -2.877979040145874, 2.7406363487243652, 1.7999999523162842], "lens": 0.035}, "Camera0023": {"aspect": 1.3333333333, "width": 0.024, "resolution": 720, "frame": [-0.686960538847248, 0.22561402481487186, -0.6907847203532611, -0.7266947213697494, -0.21327817576242988, 0.6530139368166596, -2.024560927793559e-07, 0.9505844157939285, 0.3104662114460679, -2.8924896717071533, 2.800741195678711, 1.7999999523162842], "lens": 0.035}, "Camera0024": {"aspect": 1.3333333333, "width": 0.024, "resolution": 720, "frame": [-0.6892018096383183, 0.22332571488430217, -0.6892941974677304, -0.724569434623944, -0.21242485374187536, 0.6556483935170443, -7.288726777687764e-08, 0.9513155662471618, 0.30821858058176255, -2.907294988632202, 2.8531694412231445, 1.7999999523162842], "lens": 0.035}, "Camera0025": {"aspect": 1.3333333333, "width": 0.024, "resolution": 720, "frame": [-0.6904106223850658, 0.22161082843956867, -0.6886376501587711, -0.7234177026433815, -0.21149922564074933, 0.6572175477385973, 1.9546372698186918e-07, 0.9519226430081865, 0.30633850839923854, -2.922354221343994, 2.897777557373047, 1.7999999523162842], "lens": 0.035}, "Camera0026": {"aspect": 1.3333333333, "width": 0.024, "resolution": 720, "frame": [-0.690607564635597, 0.22045634821571197, -0.6888107070882988, -0.723229694957334, -0.2105122657084544, 0.6577411301706885, 1.0503530489813764e-07, 0.9524093576386604, 0.30482194061829465, -2.937626600265503, 2.9344427585601807, 1.7999999523162842], "lens": 0.035}, "Camera0027": {"aspect": 1.3333333333, "width": 0.024, "resolution": 720, "frame": [-0.6898055070094226, 0.21985318636213189, -0.6898064503510322, -0.7239947254638366, -0.20947088102147984, 0.6572317608763509, 1.3191773007292758e-07, 0.9527783196790861, 0.30366671458933375, -2.9530696868896484, 2.9630649089813232, 1.7999999523162842], "lens": 0.035}, "Camera0028": {"aspect": 1.3333333333, "width": 0.024, "resolution": 720, "frame": [-0.6880069937213195, 0.2197922297107253, -0.69161965873545, -0.7257040557903424, -0.20837500372188844, 0.6556931303844434, 6.170071564781665e-09, 0.9530326508481705, 0.30286757240964113, -2.968641519546509, 2.98356556892395, 1.7999999523162842], "lens": 0.035}, "Camera0029": {"aspect": 1.3333333333, "width": 0.024, "resolution": 720, "frame": [-0.6852070849899504, 0.22026803605462117, -0.694242927923803, -0.7283483031349512, -0.20722135574577158, 0.6531217796424503, -1.0903494285230387e-07, 0.9531743292889945, 0.30242139141347724, -2.9842991828918457, 2.9958887100219727, 1.7999999523162842], "lens": 0.035}, "Camera0030": {"aspect": 1.3333333333, "width": 0.024, "resolution": 720, "frame": [-0.6813911237354384, 0.22127619990136319, -0.6976696781799883, -0.7319194877133344, -0.20600041314654938, 0.6495057299892751, -8.219871006076564e-08, 0.9532054726766223, 0.30232321587885097, -3.0, 3.0, 1.7999999523162842], "lens": 0.035}, "Camera0031": {"aspect": 1.3333333333, "width": 0.024, "resolution": 720, "frame": [-0.6765367666934025, 0.22281472202569233, -0.7018914467071459, -0.7364088560792941, -0.20469945804063963, 0.6448256574965469, -1.4911418588781033e-07, 0.9531273427651112, 0.3025694440512721, -3.0157008171081543, 2.9958887100219727, 1.7999999523162842], "lens": 0.035}, "Camera0032": {"aspect": 1.3333333333, "width": 0.024, "resolution": 720, "frame": [-0.6706123132959435, 0.22488245776269608, -0.7068995723909249, -0.7418080110485791, -0.20329900508971027, 0.6390542928998171, 1.2026569606859965e-07, 0.9529414434896528, 0.3031544248066361, -3.031358480453491, 2.98356556892395, 1.7999999523162842], "lens": 0.035}, "Camera0033": {"aspect": 1.3333333333, "width": 0.024, "resolution": 720, "frame": [-0.6635783052787686, 0.22747861065601072, -0.7126831795807785, -0.7481068324533307, -0.20177587327359855, 0.6321571515069025, -4.0386264998915054e-08, 0.9526489272857487, 0.3040723949017908, -3.0469303131103516, 2.9630649089813232, 1.7999999523162842], "lens": 0.035}, "Camera0034": {"aspect": 1.3333333333, "width": 0.024, "resolution": 720, "frame": [-0.655386648074945, 0.23060455179140396, -0.7192286717158696, -0.7552935465930355, -0.20010126130804354, 0.6240922557585892, -4.946355858237437e-08, 0.9522505058628301, 0.30531782470727414, -3.062373399734497, 2.9344427585601807, 1.7999999523162842], "lens": 0.035}, "Camera0035": {"aspect": 1.3333333333, "width": 0.024, "resolution": 720, "frame": [-0.6459802118288892, 0.23426021236721062, -0.7265202810845496, -0.7633541549801778, -0.19824011648370662, 0.6148099627454203, 4.728824265498586e-08, 0.9517473452120556, 0.30688269889617753, -3.077645778656006, 2.897777557373047, 1.7999999523162842], "lens": 0.035}, "Camera0036": {"aspect": 1.3333333333, "width": 0.024, "resolution": 720, "frame": [-0.6352935014296318, 0.23844507610496116, -0.7345380267369265, -0.772270786085599, -0.19615231161961227, 0.6042533438922896, -9.734588246601545e-08, 0.951140481909787, 0.3087584552241585, -3.092705011367798, 2.8531694412231445, 1.7999999523162842], "lens": 0.035}, "Camera0037": {"aspect": 1.3333333333, "width": 0.024, "resolution": 720, "frame": [-0.623252637309154, 0.24315756745072825, -0.7432567170760239, -0.7820205560515541, -0.19379100695418885, 0.5923587557692548, 4.648336471291257e-08, 0.9504311879432019, 0.3109349722769566, -3.1075103282928467, 2.800741195678711, 1.7999999523162842], "lens": 0.035}, "Camera0038": {"aspect": 1.3333333333, "width": 0.024, "resolution": 720, "frame": [-0.609776313770525, 0.24839168015748966, -0.7526449497558392, -0.7925735594658705, -0.19110301531972704, 0.5790568110050245, 1.7482867065154916e-07, 0.949621614520356, 0.31339877031622493, -3.122020959854126, 2.7406363487243652, 1.7999999523162842], "lens": 0.035}, "Camera0039": {"aspect": 1.3333333333, "width": 0.024, "resolution": 720, "frame": [-0.5947759356977542, 0.2541383429966977, -0.7626632867352103, -0.8038915264604126, -0.18802966906858953, 0.564272325420186, -9.1634404952856e-08, 0.9487141540890225, 0.3161351828429447, -3.136197090148926, 2.6730196475982666, 1.7999999523162842], "lens": 0.035}, "Camera0040": {"aspect": 1.3333333333, "width": 0.024, "resolution": 720, "frame": [-0.5781554617006198, 0.26038215517410307, -0.7732641174738631, -0.8159266278935475, -0.18450365819447037, 0.5479253033097874, -8.707421983444863e-08, 0.9477127905540514, 0.3191245315237377, -3.1500000953674316, 2.598076105117798, 1.7999999523162842], "lens": 0.035}, "Camera0041": {"aspect": 1.3333333333, "width": 0.024, "resolution": 720, "frame": [-0.5598158791571541, 0.26710063547850643, -0.7843872971756239, -0.8286170294191817, -0.180454112300946, 0.5299340826085907, -1.83185491664516e-07, 0.9466221864506745, 0.3223452126514536, -3.1633918285369873, 2.5160117149353027, 1.7999999523162842], "lens": 0.035}, "Camera0042": {"aspect": 1.3333333333, "width": 0.024, "resolution": 720, "frame": [-0.5396534063528776, 0.2742605173473335, -0.7959619146894586, -0.841887285217999, -0.1758021149812507, 0.5102150677473047, 6.039184796691184e-08, 0.945449514777226, 0.3257686525857027, -3.176335573196411, 2.427051067352295, 1.7999999523162842], "lens": 0.035}, "Camera0043": {"aspect": 1.3333333333, "width": 0.024, "resolution": 720, "frame": [-0.5175654188648066, 0.28181752713930736, -0.8079015525374258, -0.8556436391368181, -0.17046699717083344, 0.48868698128788096, 4.9410142644035204e-09, 0.9442033066414482, 0.32936319728736413, -3.188796043395996, 2.331437826156616, 1.7999999523162842], "lens": 0.035}, "Camera0044": {"aspect": 1.3333333333, "width": 0.024, "resolution": 720, "frame": [-0.4934521389772338, 0.2897130334266138, -0.8201044718824197, -0.8697729511423021, -0.16436423992984792, 0.465273478820246, -5.726205642986312e-08, 0.9428948800874004, 0.333090445832605, -3.2007391452789307, 2.2294344902038574, 1.7999999523162842], "lens": 0.035}, "Camera0045": {"aspect": 1.3333333333, "width": 0.024, "resolution": 720, "frame": [-0.46722116775183725, 0.29787233247302913, -0.8324520730658832, -0.8841404754927857, -0.15740965100579626, 0.4399066052761928, 1.628355938976256e-08, 0.9415382495243146, 0.3369061066271864, -3.212131977081299, 2.1213202476501465, 1.7999999523162842], "lens": 0.035}, "Camera0046": {"aspect": 1.3333333333, "width": 0.024, "resolution": 720, "frame": [-0.438793655835709, 0.30620274211470194, -0.8448076753437854, -0.8985878519089194, -0.14952307196909742, 0.4125320876618425, 2.176118840679902e-07, 0.940150377158017, 0.3407598396665769, -3.2229435443878174, 2.007391929626465, 1.7999999523162842], "lens": 0.035}, "Camera0047": {"aspect": 1.3333333333, "width": 0.024, "resolution": 720, "frame": [-0.40811037234910863, 0.31459111469663065, -0.8570171261620173, -0.9129325955299463, -0.14063256414119032, 0.38311428832925204, -1.6494337273797936e-07, 0.9387517842630209, 0.34459409098672517, -3.2331438064575195, 1.8879611492156982, 1.7999999523162842], "lens": 0.035}, "Camera0048": {"aspect": 1.3333333333, "width": 0.024, "resolution": 720, "frame": [-0.3751375265204098, 0.32290550175716154, -0.868909588582785, -0.9269691667990569, -0.1306775609077693, 0.3516412075952682, -1.051083273750917e-07, 0.9373662101922343, 0.34834550088932814, -3.2427051067352295, 1.7633557319641113, 1.7999999523162842], "lens": 0.035}, "Camera0049": {"aspect": 1.3333333333, "width": 0.024, "resolution": 720, "frame": [-0.33987684758556175, 0.33099478665738813, -0.8802989149606688, -0.9404699508624922, -0.11961839983008002, 0.3181315921859894, -4.909517414830587e-08, 0.9360202399669151, 0.35194617539089174, -3.251601219177246, 1.6339170932769775, 1.7999999523162842], "lens": 0.035}, "Camera0050": {"aspect": 1.3333333333, "width": 0.024, "resolution": 720, "frame": [-0.30237045568251747, 0.3386906701687904, -0.8909886292601956, -0.9531904885857478, -0.10743913181892033, 0.28263886042733044, 1.0026563046494613e-07, 0.934743527869871, 0.35532314462384473, -3.259807586669922, 1.5, 1.7999999523162842], "lens": 0.035}, "Camera0051": {"aspect": 1.3333333333, "width": 0.024, "resolution": 720, "frame": [-0.26271017034640887, 0.34581323602392466, -0.900775539292238, -0.9648747931190486, -0.09415572127822194, 0.24525768847082224, 1.842980026367503e-07, 0.9335673012382337, 0.3584021401425037, -3.2673020362854004, 1.3619714975357056, 1.7999999523162842], "lens": 0.035}, "Camera0052": {"aspect": 1.3333333333, "width": 0.024, "resolution": 720, "frame": [-0.2210426024271677, 0.35217645546397885, -0.9094569325311963, -0.9752641528899768, -0.07982028799511397, 0.20612751808570545, 1.4441921791785666e-07, 0.9325237079244715, 0.361108756690798, -3.2740635871887207, 1.2202099561691284, 1.7999999523162842], "lens": 0.035}, "Camera0053": {"aspect": 1.3333333333, "width": 0.024, "resolution": 720, "frame": [-0.17757048146733173, 0.3575978645593574, -0.9168383125579164, -0.9841080855838132, -0.06452437961522917, 0.16543240409252347, -1.4889286603647578e-07, 0.9316439082062724, 0.363372575055026, -3.280074119567871, 1.0751038789749146, 1.7999999523162842], "lens": 0.035}, "Camera0054": {"aspect": 1.3333333333, "width": 0.024, "resolution": 720, "frame": [-0.13255512926657345, 0.3619068670837943, -0.9227418692476866, -0.9911756341361088, -0.04839977307291205, 0.12340309664418218, -6.89815280452421e-08, 0.9309569708230792, 0.36512890665614495, -3.2853169441223145, 0.9270510077476501, 1.7999999523162842], "lens": 0.035}, "Camera0055": {"aspect": 1.3333333333, "width": 0.024, "resolution": 720, "frame": [-0.0863124538378954, 0.3649554562820006, -0.9270154665605521, -0.9962681166796671, -0.03161803313598414, 0.08031276155232858, 1.7479831626587748e-07, 0.9304879445272832, 0.36632251512753194, -3.2897777557373047, 0.7764571309089661, 1.7999999523162842], "lens": 0.035}, "Camera0056": {"aspect": 1.3333333333, "width": 0.024, "resolution": 720, "frame": [-0.03920305636313286, 0.366629602771426, -0.9295406686872046, -0.9992312647089175, -0.014384131924507163, 0.036468841179773774, -7.885231667614781e-08, 0.9302557880069572, 0.36691166359159116, -3.2934443950653076, 0.6237350702285767, 1.7999999523162842], "lens": 0.035}, "Camera0057": {"aspect": 1.3333333333, "width": 0.024, "resolution": 720, "frame": [0.008376575893060562, 0.36685576631420685, -0.9302401193768863, -0.9999649158726823, 0.003072900979953381, -0.007792580016063629, -2.171389326122136e-07, 0.9302727578520096, 0.3668686358880647, -3.296306610107422, 0.4693033993244171, 1.7999999523162842], "lens": 0.035}, "Camera0058": {"aspect": 1.3333333333, "width": 0.024, "resolution": 720, "frame": [0.056014129029587405, 0.3656092660810703, -0.9290814183400279, -0.9984299761871345, 0.020511601862753644, -0.05212347686006795, 1.2203067001337302e-07, 0.9305423895474537, 0.36618419034046257, -3.298356533050537, 0.31358540058135986, 1.7999999523162842], "lens": 0.035}, "Camera0059": {"aspect": 1.3333333333, "width": 0.024, "resolution": 720, "frame": [0.10329073339282814, 0.3629133927318148, -0.9260803927149388, -0.9946512074064804, 0.037687217450321796, -0.09616989781466385, 4.924213570234313e-08, 0.9310604400449713, 0.3648649845946605, -3.299588918685913, 0.1570078730583191, 1.7999999523162842], "lens": 0.035}, "Camera0060": {"aspect": 1.3333333333, "width": 0.024, "resolution": 720, "frame": [0.1498051047304688, 0.35884022005608746, -0.9212991517779618, -0.9887155458455565, 0.054369507169643345, -0.1395905659185224, -1.2855397812927515e-07, 0.9318141730840055, 0.36293573375978655, -3.299999952316284, 3.6739402930577075e-16, 1.7999999523162842], "lens": 0.035}, "Camera0061": {"aspect": 1.3333333333, "width": 0.024, "resolution": 720, "frame": [0.1951863469088015, 0.3535047395059493, -0.9148424395092458, -0.9807661749777037, 0.07035248009677075, -0.18206657728379974, 3.654180602552514e-08, 0.932783430218968, 0.36043733478780227, -3.299588918685913, -0.1570078730583191, 1.7999999523162842], "lens": 0.035}, "Camera0062": {"aspect": 1.3333333333, "width": 0.024, "resolution": 720, "frame": [0.23910563412250727, 0.3470551881946498, -0.9068523540676564, -0.9709935611170617, 0.08546206656657099, -0.22331085832842548, 2.842863011664993e-07, 0.9339426810706036, 0.3574228147090949, -3.298356533050537, -0.31358540058135986, 1.7999999523162842], "lens": 0.035}, "Camera0063": {"aspect": 1.3333333333, "width": 0.024, "resolution": 720, "frame": [0.281286761822383, 0.3396650901888358, -0.8974995176213122, -0.9596237583675582, 0.09956327253761486, -0.26307678943252066, -1.2333877918990765e-08, 0.9352618784429367, 0.3539565209618113, -3.296306610107422, -0.4693033993244171, 1.7999999523162842], "lens": 0.035}, "Camera0064": {"aspect": 1.3333333333, "width": 0.024, "resolution": 720, "frame": [0.32151239624512096, 0.3315206461258126, -0.8869745431820713, -0.9469053696440229, 0.11256438228057648, -0.3011635449072622, -1.9144530938319687e-07, 0.9367087706614665, 0.35010952424326786, -3.2934443950653076, -0.6237350702285767, 1.7999999523162842], "lens": 0.035}, "Camera0065": {"aspect": 1.3333333333, "width": 0.024, "resolution": 720, "frame": [0.3596221273098664, 0.32281215679681685, -0.875479432638662, -0.9330980256913498, 0.12441375422345317, -0.3374156075390279, -1.7704658716866014e-07, 0.9382502486992549, 0.34595732513672134, -3.2897777557373047, -0.7764571309089661, 1.7999999523162842], "lens": 0.035}, "Camera0066": {"aspect": 1.3333333333, "width": 0.024, "resolution": 720, "frame": [0.39551188000396104, 0.31372403584968084, -0.8632193128666206, -0.9184608607750578, 0.13509702611892638, -0.3717236080183257, -2.6847141043617416e-07, 0.9398542561823138, 0.34157572679556375, -3.2853169441223145, -0.9270510077476501, 1.7999999523162842], "lens": 0.035}, "Camera0067": {"aspect": 1.3333333333, "width": 0.024, "resolution": 720, "frame": [0.4291294288068902, 0.30442814217397185, -0.8503948727411145, -0.903243009013559, 0.14463329761166063, -0.4040213804863657, -6.354343184966634e-08, 0.9414906879382721, 0.3370389955561748, -3.280074119567871, -1.0751038789749146, 1.7999999523162842], "lens": 0.035}, "Camera0068": {"aspect": 1.3333333333, "width": 0.024, "resolution": 720, "frame": [0.46046538162478884, 0.29507940238910363, -0.8371975744176681, -0.8876776624006808, 0.15306667461618514, -0.4342798185465285, 1.938649063504272e-08, 0.943132408205567, 0.3324172988765285, -3.2740635871887207, -1.2202099561691284, 1.7999999523162842], "lens": 0.035}, "Camera0069": {"aspect": 1.3333333333, "width": 0.024, "resolution": 720, "frame": [0.4895482504716628, 0.28581359150921987, -0.8238040430640863, -0.871976209801696, 0.1604625113808993, -0.4625032669951679, -5.418883475272193e-08, 0.9447551922852478, 0.3277767939468282, -3.2673020362854004, -1.3619714975357056, 1.7999999523162842], "lens": 0.035}, "Camera0070": {"aspect": 1.3333333333, "width": 0.024, "resolution": 720, "frame": [0.5164340108527217, 0.2767434631942211, -0.8103758189962481, -0.8563269892013031, 0.16689850183378158, -0.4887217793909644, -4.765430006159475e-08, 0.9463392339245521, 0.3231749593255792, -3.259807586669922, -1.5, 1.7999999523162842], "lens": 0.035}, "Camera0071": {"aspect": 1.3333333333, "width": 0.024, "resolution": 720, "frame": [0.5412007854680367, 0.2679635464653795, -0.7970553604201381, -0.84089339978904, 0.17246202119799545, -0.5129864924493936, 9.865917860452084e-08, 0.9478672844918736, 0.3186653589425617, -3.251601219177246, -1.6339170932769775, 1.7999999523162842], "lens": 0.035}, "Camera0072": {"aspect": 1.3333333333, "width": 0.024, "resolution": 720, "frame": [0.5639409951206219, 0.2595474926915598, -0.7839678903245256, -0.8258150846420534, 0.17724239614581733, -0.5353639687036542, -2.837193591176401e-08, 0.9493261989674644, 0.3142924879057489, -3.2427051067352295, -1.7633557319641113, 1.7999999523162842], "lens": 0.035}, "Camera0073": {"aspect": 1.3333333333, "width": 0.024, "resolution": 720, "frame": [0.5847572791269017, 0.25155268104495404, -0.7712199252918706, -0.8112083114145836, 0.18133111729489942, -0.5559317416666216, 5.0639034299138055e-08, 0.950705145962553, 0.310096316392695, -3.2331438064575195, -1.8879611492156982, 1.7999999523162842], "lens": 0.035}, "Camera0074": {"aspect": 1.3333333333, "width": 0.024, "resolution": 720, "frame": [0.6037553193069919, 0.24402111903393747, -0.7589026339880084, -0.7971696898455886, 0.1848151793581259, -0.5747728551961302, 1.110055691810885e-08, 0.951996346077152, 0.30610938740220167, -3.2229435443878174, -2.007391929626465, 1.7999999523162842], "lens": 0.035}, "Camera0075": {"aspect": 1.3333333333, "width": 0.024, "resolution": 720, "frame": [0.6210420742798768, 0.236982513239287, -0.7470917148469384, -0.7837772272617671, 0.187778067308862, -0.5919735259820363, 6.435807620164265e-08, 0.9531939392676285, 0.3023595775619754, -3.212131977081299, -2.1213202476501465, 1.7999999523162842], "lens": 0.035}, "Camera0076": {"aspect": 1.3333333333, "width": 0.024, "resolution": 720, "frame": [0.6367226165903324, 0.23045609631752356, -0.7358493712659195, -0.7710929318326778, 0.19029718367036766, -0.6076205002835336, 2.1441967135160503e-07, 0.9542939639111288, 0.29886958768456073, -3.2007391452789307, -2.2294344902038574, 1.7999999523162842], "lens": 0.035}, "Camera0077": {"aspect": 1.3333333333, "width": 0.024, "resolution": 720, "frame": [0.6508970940150518, 0.2244539276720141, -0.7252264524652746, -0.7591659719736915, 0.19244334838005145, -0.6217978647933059, 3.387527414133728e-08, 0.9552936679455593, 0.29565860038753894, -3.188796043395996, -2.331437826156616, 1.7999999523162842], "lens": 0.035}, "Camera0078": {"aspect": 1.3333333333, "width": 0.024, "resolution": 720, "frame": [0.6636594801199699, 0.21898047744628987, -0.7152647376631162, -0.7480348216807033, 0.19428048086029212, -0.6345856918571456, 9.939213896359418e-08, 0.9561917408418087, 0.2927411053232899, -3.176335573196411, -2.427051067352295, 1.7999999523162842], "lens": 0.035}, "Camera0079": {"aspect": 1.3333333333, "width": 0.024, "resolution": 720, "frame": [0.6750973340357557, 0.21403732716112323, -0.7059968924574228, -0.737728669347888, 0.19586595873773935, -0.6460595457308411, -1.0014812090730612e-07, 0.9569872249876006, 0.29013005912955914, -3.1633918285369873, -2.5160117149353027, 1.7999999523162842], "lens": 0.035}, "Camera0080": {"aspect": 1.3333333333, "width": 0.024, "resolution": 720, "frame": [0.6852904999086228, 0.20962223682579487, -0.6974492444351348, -0.7282698200083468, 0.19725125030059196, -0.6562888186765514, 5.3112962916657125e-09, 0.9576797283450265, 0.2878359566089622, -3.1500000953674316, -2.598076105117798, 1.7999999523162842], "lens": 0.035}, "Camera0081": {"aspect": 1.3333333333, "width": 0.024, "resolution": 720, "frame": [0.6943103630456393, 0.20573191813148803, -0.6896430218811551, -0.7196757045832737, 0.198480743123806, -0.6653362118820759, -3.55997187284629e-08, 0.9582691545025126, 0.285867499952405, -3.136197090148926, -2.6730196475982666, 1.7999999523162842], "lens": 0.035}, "Camera0082": {"aspect": 1.3333333333, "width": 0.024, "resolution": 720, "frame": [0.7022197952529278, 0.20236117692923727, -0.6825960102628422, -0.7119602230145454, 0.1995928097757834, -0.6732572696457771, 1.2216841582812747e-07, 0.958755789738775, 0.28423113067073286, -3.122020959854126, -2.7406363487243652, 1.7999999523162842], "lens": 0.035}, "Camera0083": {"aspect": 1.3333333333, "width": 0.024, "resolution": 720, "frame": [0.7090732483765075, 0.1995062797830064, -0.6763226839046083, -0.7051348299699763, 0.20062061182336202, -0.6801001703240726, 1.5773816031128263e-08, 0.9591395177130201, 0.2829335355896064, -3.1075103282928467, -2.800741195678711, 1.7999999523162842], "lens": 0.035}, "Camera0084": {"aspect": 1.3333333333, "width": 0.024, "resolution": 720, "frame": [0.7149174263334306, 0.19716389609438895, -0.6708349063679266, -0.6992088911940288, 0.2015934440534591, -0.6859059773685324, 2.4313580482271387e-08, 0.9594198671027955, 0.2819814153600438, -3.092705011367798, -2.8531694412231445, 1.7999999523162842], "lens": 0.035}, "Camera0085": {"aspect": 1.3333333333, "width": 0.024, "resolution": 720, "frame": [0.7197897191702725, 0.1953316570134786, -0.6661443566864086, -0.6941921637246959, 0.20253439218049568, -0.6907076514758629, 7.231128051898843e-08, 0.9595964588057033, 0.28137987889603766, -3.077645778656006, -2.897777557373047, 1.7999999523162842], "lens": 0.035}, "Camera0086": {"aspect": 1.3333333333, "width": 0.024, "resolution": 720, "frame": [0.7237193878338729, 0.19400947222702097, -0.6622617098697139, -0.6900943759177752, 0.20346282984626823, -0.6945305099112672, 1.4391547153991218e-07, 0.9596682768317089, 0.2811348403219317, -3.062373399734497, -2.9344427585601807, 1.7999999523162842], "lens": 0.035}, "Camera0087": {"aspect": 1.3333333333, "width": 0.024, "resolution": 720, "frame": [0.7267270570173509, 0.19319972694526188, -0.6591977321769065, -0.686926331274977, 0.2043937428150371, -0.6973918649505176, -2.6147464637915615e-08, 0.9596338173523986, 0.2812524428225693, -3.0469303131103516, -2.9630649089813232, 1.7999999523162842], "lens": 0.035}, "Camera0088": {"aspect": 1.3333333333, "width": 0.024, "resolution": 720, "frame": [0.7288247774192076, 0.19290678507145353, -0.6569637859830924, -0.6847002583757615, 0.20533826137739108, -0.6993009041855126, -8.76223111845319e-08, 0.9594910998481987, 0.2817389382248859, -3.031358480453491, -2.98356556892395, 1.7999999523162842], "lens": 0.035}, "Camera0089": {"aspect": 1.3333333333, "width": 0.024, "resolution": 720, "frame": [0.7300156485122747, 0.19313882614299321, -0.6555719234098647, -0.6834304302028077, 0.20630377823926446, -0.7002582367648448, -8.913868754234488e-08, 0.9592372724828362, 0.28260193750164037, -3.0157008171081543, -2.9958887100219727, 1.7999999523162842], "lens": 0.035}, "Camera0090": {"aspect": 1.3333333333, "width": 0.024, "resolution": 720, "frame": [0.730293771633245, 0.19390655014092012, -0.6550353096789031, -0.6831332279385011, 0.20729285036540235, -0.7002561439028656, -1.1664586452297927e-07, 0.958869085954821, 0.28384868504214117, -3.0, -3.0, 1.7999999523162842], "lens": 0.035}, "Camera0091": {"aspect": 1.3333333333, "width": 0.024, "resolution": 720, "frame": [0.7296430942810864, 0.19522401102616213, -0.6553690109295515, -0.683828161871031, 0.20830344637267167, -0.6992772835301848, -9.248776677850388e-08, 0.9583826270066275, 0.28548684777388084, -2.9842991828918457, -2.9958887100219727, 1.7999999523162842], "lens": 0.035}, "Camera0092": {"aspect": 1.3333333333, "width": 0.024, "resolution": 720, "frame": [0.7280388843206588, 0.19710976305144481, -0.6565874840620508, -0.6855358363478306, 0.20933066554367716, -0.6972956973522222, 1.0534446914789422e-07, 0.9577726315639032, 0.28752667046231456, -2.968641519546509, -2.98356556892395, 1.7999999523162842], "lens": 0.035}, "Camera0093": {"aspect": 1.3333333333, "width": 0.024, "resolution": 720, "frame": [0.7254435484334812, 0.19958544198663708, -0.6587088198766113, -0.6882816705653504, 0.21036164734687757, -0.6942739511815768, 9.906477771437478e-08, 0.9570337656909012, 0.2899765013367179, -2.9530696868896484, -2.9630649089813232, 1.7999999523162842], "lens": 0.035}, "Camera0094": {"aspect": 1.3333333333, "width": 0.024, "resolution": 720, "frame": [0.7218092554457967, 0.202677068696486, -0.6617502584641615, -0.6920920450003515, 0.21137983930866744, -0.6901645925292555, 1.2676468941208406e-07, 0.9561592803285663, 0.2928471113764691, -2.937626600265503, -2.9344427585601807, 1.7999999523162842], "lens": 0.035}, "Camera0095": {"aspect": 1.3333333333, "width": 0.024, "resolution": 720, "frame": [0.7170744989557842, 0.20641403123814375, -0.6657307343478515, -0.6969965300826868, 0.21235997967509854, -0.6849080785660847, -7.230919862877265e-08, 0.9551421290783955, 0.2961477895571473, -2.922354221343994, -2.897777557373047, 1.7999999523162842], "lens": 0.035}, "Camera0096": {"aspect": 1.3333333333, "width": 0.024, "resolution": 720, "frame": [0.7111646897497034, 0.21083015856409937, -0.6706678971689677, -0.7030254505017614, 0.2132709503316241, -0.6784325446877099, -6.118541762134551e-08, 0.9539738707032194, 0.29988973642909755, -2.907294988632202, -2.8531694412231445, 1.7999999523162842], "lens": 0.035}, "Camera0097": {"aspect": 1.3333333333, "width": 0.024, "resolution": 720, "frame": [0.7039886505175502, 0.215962234235383, -0.6765798499264816, -0.7102112220617741, 0.21407007737740866, -0.6706519380641137, 9.887141771969254e-09, 0.9526459548833932, 0.3040817071846119, -2.8924896717071533, -2.800741195678711, 1.7999999523162842], "lens": 0.035}, "Camera0098": {"aspect": 1.3333333333, "width": 0.024, "resolution": 720, "frame": [0.6954387454564679, 0.22185074893740248, -0.6834816724052283, -0.7185853820652933, 0.21470476379791167, -0.6614657308467004, 1.0324919941240277e-07, 0.9511488367224115, 0.3087327167658017, -2.877979040145874, -2.7406363487243652, 1.7999999523162842], "lens": 0.035}, "Camera0099": {"aspect": 1.3333333333, "width": 0.024, "resolution": 720, "frame": [0.6853882491450354, 0.22853764295026904, -0.6913851992114367, -0.7281778271369568, 0.21510826281967446, -0.6507576256432206, 5.5245191532549116e-08, 0.9494730017338235, 0.31384871989313534, -2.863802909851074, -2.6730196475982666, 1.7999999523162842], "lens": 0.035}, "Camera0100": {"aspect": 1.3333333333, "width": 0.024, "resolution": 720, "frame": [0.6736894856613663, 0.23606574576113531, -0.7002966804059282, -0.7390145309189283, 0.2151987706534511, -0.6383940884750733, 8.130680129170287e-09, 0.9476088078882986, 0.31943316548617423, -2.8499999046325684, -2.598076105117798, 1.7999999523162842], "lens": 0.035}, "Camera0101": {"aspect": 1.3333333333, "width": 0.024, "resolution": 720, "frame": [0.6601734209562785, 0.24447696915562975, -0.7102126905479524, -0.7511132100175605, 0.2148773493780113, -0.6242248556901561, 1.9648830118512706e-08, 0.9455467922195904, 0.32548619590274835, -2.8366081714630127, -2.5160117149353027, 1.7999999523162842], "lens": 0.035}, "Camera0102": {"aspect": 1.3333333333, "width": 0.024, "resolution": 720, "frame": [0.644645343084073, 0.25380769034167583, -0.7211199886034514, -0.7644817732555886, 0.21402192167800585, -0.6080807803254797, -9.267424161407676e-08, 0.943279530873366, 0.33199958830594034, -2.823664426803589, -2.427051067352295, 1.7999999523162842], "lens": 0.035}, "Camera0103": {"aspect": 1.3333333333, "width": 0.024, "resolution": 720, "frame": [0.6268869477712583, 0.26408655201614595, -0.732987754166643, -0.7791102327103878, 0.21248911080160296, -0.5897759092034104, 2.9787617705778754e-08, 0.9408010793121825, 0.338959185102029, -2.811203956604004, -2.331437826156616, 1.7999999523162842], "lens": 0.035}, "Camera0104": {"aspect": 1.3333333333, "width": 0.024, "resolution": 720, "frame": [0.6066540501188964, 0.2753279082114053, -0.7457649806971843, -0.7949659511415065, 0.21010794140761382, -0.5691078891415359, -1.397957731796846e-07, 0.9381093731102929, 0.3463391460441539, -2.7992608547210693, -2.2294344902038574, 1.7999999523162842], "lens": 0.035}, "Camera0105": {"aspect": 1.3333333333, "width": 0.024, "resolution": 720, "frame": [0.5836789537069138, 0.2875242986077229, -0.7593738583265423, -0.8119845312563466, 0.2066812648938751, -0.5458607658939034, 1.1571515301511655e-07, 0.935207267108209, 0.3541007872738803, -2.787868022918701, -2.1213202476501465, 1.7999999523162842], "lens": 0.035}, "Camera0106": {"aspect": 1.3333333333, "width": 0.024, "resolution": 720, "frame": [0.5576740466323008, 0.300637193229994, -0.7737033900401017, -0.8300600325956595, 0.20198220786322593, -0.5198110522045383, -2.1679313988442858e-07, 0.932105394123158, 0.36218715361876813, -2.7770564556121826, -2.007391929626465, 1.7999999523162842], "lens": 0.035}, "Camera0107": {"aspect": 1.3333333333, "width": 0.024, "resolution": 720, "frame": [0.5283391478822614, 0.3145861754929747, -0.7886021068978634, -0.8490334179612987, 0.19576168262708366, -0.490733755513076, 2.0037425940699904e-08, 0.928823396455815, 0.3705227364093644, -2.7668561935424805, -1.8879611492156982, 1.7999999523162842], "lens": 0.035}, "Camera0108": {"aspect": 1.3333333333, "width": 0.024, "resolution": 720, "frame": [0.49537296936180975, 0.3292357715397124, -0.8038715245387871, -0.8686803907224198, 0.18774962947160168, -0.4584151561713687, -8.675264950852569e-08, 0.9253939071400495, 0.3790067501088416, -2.7572948932647705, -1.7633557319641113, 1.7999999523162842], "lens": 0.035}, "Camera0109": {"aspect": 1.3333333333, "width": 0.024, "resolution": 720, "frame": [0.4584906070550563, 0.3443817996479185, -0.8192603611267587, -0.8886992535398291, 0.17767050433831597, -0.4226663325200138, -1.906980457988527e-07, 0.9218646147669567, 0.38751210566966066, -2.748398780822754, -1.6339170932769775, 1.7999999523162842], "lens": 0.035}, "Camera0110": {"aspect": 1.3333333333, "width": 0.024, "resolution": 720, "frame": [0.4174483911786424, 0.3597397988253789, -0.8344603752386565, -0.9087006331583259, 0.16526088241518502, -0.3833431883326113, -1.434994061355605e-07, 0.9183006685636412, 0.39588367245385236, -2.740192413330078, -1.5, 1.7999999523162842], "lens": 0.035}, "Camera0111": {"aspect": 1.3333333333, "width": 0.024, "resolution": 720, "frame": [0.3720750165678626, 0.37493591929715203, -0.8491073185804161, -0.928202662162752, 0.15029500594654888, -0.34036925410722235, -6.969387555955104e-08, 0.914786569429354, 0.4039375352596844, -2.7326979637145996, -1.3619714975357056, 1.7999999523162842], "lens": 0.035}, "Camera0112": {"aspect": 1.3333333333, "width": 0.024, "resolution": 720, "frame": [0.32230831171278734, 0.38950586393863007, -0.8627876529936401, -0.9466347512112852, 0.132618207198362, -0.2937602064927114, 2.8712165089928018e-08, 0.9114261314428688, 0.4114637370693625, -2.7259364128112793, -1.2202099561691284, 1.7999999523162842], "lens": 0.035}, "Camera0113": {"aspect": 1.3333333333, "width": 0.024, "resolution": 720, "frame": [0.26823703389032233, 0.40290739061123576, -0.87505115749913, -0.9633529434478937, 0.11218600430121613, -0.24365017297183855, 3.7504921834852205e-08, 0.9083391079491033, 0.4182344617200094, -2.719925880432129, -1.0751038789749146, 1.7999999523162842], "lens": 0.035}, "Camera0114": {"aspect": 1.3333333333, "width": 0.024, "resolution": 720, "frame": [0.21013767194289132, 0.414546610630414, -0.8