{"asset": {"generator": "Yocto/GL - https://github.com/xelatihy/yocto-gl"}, "cameras": {"Camera0": {"aspect": 1, "width": 0.024, "resolution": 720, "frame": [0.5485071394864012, -0.8360391272688139, -0.013360224850112594, 0.28265494008832787, 0.17035873455172984, 0.943972502992326, -0.7869219165686704, -0.5215519909247143, 0.329753571605157, -0.5472970008850098, -0.36258700489997864, 0.25735899806022644], "lens": 0.035}, "Camera1": {"aspect": 1, "width": 0.024, "resolution": 720, "frame": [0.9858197883552333, -0.16727477209289526, -0.013360221125154783, 0.06760436568099985, 0.32302563868300754, 0.9439725030393125, -0.15358709134596152, -0.9314899824338989, 0.32975357162157054, -0.12167368829250336, -0.6314513683319092, 0.25735899806022644], "lens": 0.035}, "Camera2": {"aspect": 1, "width": 0.024, "resolution": 720, "frame": [0.8212573956462068, 0.5704014328635403, -0.01336022019391533, -0.17776620433145426, 0.2780559117895284, 0.9439725030510591, 0.5421581565318347, -0.772869403784439, 0.32975357162567387, 0.33895665407180786, -0.5229674577713013, 0.25735899806022644], "lens": 0.035}, "Camera3": {"aspect": 1, "width": 0.024, "resolution": 720, "frame": [0.2058424553593537, 0.9784939386697054, -0.013360222987633688, -0.3201229917878835, 0.08023206141452291, 0.9439725030158193, 0.9247432907031049, -0.1900327032587366, 0.3297535716133637, 0.5716944932937622, -0.13841423392295837, 0.25735899806022644], "lens": 0.035}, "Camera4": {"aspect": 1, "width": 0.024, "resolution": 720, "frame": [-0.5500741552425182, 0.8350089390094678, -0.013360221125154783, -0.28233493547164823, -0.1708885535017354, 0.9439725030393125, 0.7859423693544269, 0.5230269343507727, 0.32975357162157054, 0.4803141951560974, 0.3151678740978241, 0.25735899806022644], "lens": 0.035}, "Camera5": {"aspect": 1, "width": 0.024, "resolution": 720, "frame": [-0.9871296749050792, 0.15936282341854072, -0.013360218331436425, -0.06501142678532609, -0.3235574567623202, 0.9439725030745523, 0.14611132505431884, 0.9326918369352067, 0.3297535716338807, 0.08336444199085236, 0.5810286998748779, 0.25735899806022644], "lens": 0.035}, "Camera6": {"aspect": 1, "width": 0.024, "resolution": 720, "frame": [-0.8098410131963703, -0.5864972616612084, -0.013360217400196973, 0.18321881652917832, -0.2744936769520108, 0.9439725030862988, -0.5573045833426491, 0.7620198051082854, 0.329753571637984, -0.37558555603027344, 0.4892633557319641, 0.25735899806022644], "lens": 0.035}, "Camera7": {"aspect": 1, "width": 0.024, "resolution": 720, "frame": [-0.16318119146500376, -0.9865056530085018, -0.013360214606478616, 0.3233034825064857, -0.06626289723242827, 0.9439725031215386, -0.9321194971414557, 0.14971915386026607, 0.3297535716502942, -0.6217359304428101, 0.09767167270183563, 0.25735899806022644], "lens": 0.035}, "Camera8": {"aspect": 1, "width": 0.024, "resolution": 720, "frame": [1.0, 0.0, 0.0, 0.0, 1.0, 0.0, 0.0, 0.0, 1.0, 0.0, 0.0, 0.550000011920929], "lens": 0.035}}, "materials": {"bunny": {"displacement": 1, "color": [1.0, 1.0, 1.0]}, "light_1": {"displacement": 1, "color": [1.0, 1.0, 1.0], "emission": [100.0, 100.0, 100.0]}, "light_2": {"displacement": 1, "color": [1.0, 1.0, 1.0], "emission": [100.0, 100.0, 100.0]}}, "objects": {"bunny": {"material": "bunny", "shape": "bunny"}, "light_1": {"material": "light_1", "shape": "light_1"}, "light_2": {"material": "light_2", "shape": "light_2"}}}