{"asset": {"generator": "Yocto/GL - https://github.com/xelatihy/yocto-gl"}, "cameras": {"Camera0000": {"aspect": 1.3333333333, "width": 0.024, "resolution": 640, "frame": [-4.371139000186219e-08, 0.9999999999999938, -1.0257390670176373e-07, -0.31622791967544905, 8.348738492355454e-08, 0.9486832468309593, 0.9486832468309618, 7.390499651974329e-08, 0.31622791967544345, 3.0, 0.0, 1.0], "lens": 0.035}, "Camera0001": {"aspect": 1.3333333333, "width": 0.024, "resolution": 640, "frame": [-0.05233594182651967, 0.9986295355101058, -3.863215169985778e-08, -0.3157943165851685, -0.016550037571066455, 0.9486833222255477, 0.9473831847809193, 0.04965024736359963, 0.3162276934917242, 2.9958887100219727, 0.1570078730583191, 1.0], "lens": 0.035}, "Camera0002": {"aspect": 1.3333333333, "width": 0.024, "resolution": 640, "frame": [-0.1045283910814667, 0.9945219029553323, -1.573241519281503e-07, -0.3144954955718488, -0.03305463540422115, 0.9486832845282515, 0.9434863002306589, 0.09916438685535654, 0.3162278065835831, 2.98356556892395, 0.31358540058135986, 1.0], "lens": 0.035}, "Camera0003": {"aspect": 1.3333333333, "width": 0.024, "resolution": 640, "frame": [-0.15643468914321695, 0.9876883051006775, 1.2663743120810943e-07, -0.3123341524178265, -0.049469064206587844, 0.9486833976200714, 0.9370035033371555, 0.14840695284883199, 0.3162274673079832, 2.9630649089813232, 0.4693033993244171, 1.0], "lens": 0.035}, "Camera0004": {"aspect": 1.3333333333, "width": 0.024, "resolution": 640, "frame": [-0.2079115060662056, 0.9781476400039146, -2.3310356311867297e-07, -0.3093175286912112, -0.0657471832178169, 0.9486832845282374, 0.9279523005465551, 0.19724224256911854, 0.3162278065835784, 2.9344427585601807, 0.6237350702285767, 1.0], "lens": 0.035}, "Camera0005": {"aspect": 1.3333333333, "width": 0.024, "resolution": 640, "frame": [-0.2588191519351374, 0.9659257976633425, -1.0827017149495056e-07, -0.3054524044252616, -0.08184565496338331, 0.9486833599228149, 0.9163577223019418, 0.24553745574158384, 0.31622758039985543, 2.897777557373047, 0.7764571309089661, 1.0], "lens": 0.035}, "Camera0006": {"aspect": 1.3333333333, "width": 0.024, "resolution": 640, "frame": [-0.3090170442613494, 0.9510565000860765, 4.362555117154442e-08, -0.30075049817004706, -0.09771982146492465, 0.9486832845282621, 0.9022514085366936, 0.2931592914046661, 0.3162278065835867, 2.8531694412231445, 0.9270510077476501, 1.0], "lens": 0.035}, "Camera0007": {"aspect": 1.3333333333, "width": 0.024, "resolution": 640, "frame": [-0.35836783293809604, 0.9335804712585051, -2.2707276059463762e-08, -0.2952241124153132, -0.11332585364892461, 0.9486832845282629, 0.8856721852716407, 0.3399775795247241, 0.31622780658358696, 2.800741195678711, 1.0751038789749146, 1.0], "lens": 0.035}, "Camera0008": {"aspect": 1.3333333333, "width": 0.024, "resolution": 640, "frame": [-0.40673669365676435, 0.9135454351224991, -8.522184202774941e-08, -0.28888839873275063, -0.1286213326347143, 0.9486833222255451, 0.8666653074346468, 0.3858643424289345, 0.31622769349172325, 2.7406363487243652, 1.2202099561691284, 1.0], "lens": 0.035}, "Camera0009": {"aspect": 1.3333333333, "width": 0.024, "resolution": 640, "frame": [-0.45399060347894266, 0.8910064713304925, -9.91216353440903e-08, -0.28176096400606887, -0.14356431761923152, 0.9486833222255439, 0.8452829651159405, 0.4306933418961904, 0.31622769349172286, 2.6730196475982666, 1.3619714975357056, 1.0], "lens": 0.035}, "Camera0010": {"aspect": 1.3333333333, "width": 0.024, "resolution": 640, "frame": [-0.5000000504735637, 0.8660253746435086, 6.59782415368681e-08, -0.2738613713134359, -0.15811403000552496, 0.9486832468309622, 0.8215837746868898, 0.47434165323001365, 0.3162279196754444, 2.598076105117798, 1.5, 1.0], "lens": 0.035}, "Camera0011": {"aspect": 1.3333333333, "width": 0.024, "resolution": 640, "frame": [-0.5446392350822523, 0.8386704380202149, 7.795044609792967e-09, -0.265210909034006, -0.17223007689141506, 0.9486832845282631, 0.7956326271203157, 0.5166901363534611, 0.316227806583587, 2.5160117149353027, 1.6339170932769775, 1.0], "lens": 0.035}, "Camera0012": {"aspect": 1.3333333333, "width": 0.024, "resolution": 640, "frame": [-0.5877852053586907, 0.8090170284743331, -4.3805339799973795e-08, -0.25583361333678944, -0.18587392613849807, 0.9486833222255475, 0.7675009541678003, 0.5576220325815868, 0.3162276934917241, 2.427051067352295, 1.7633557319641113, 1.0], "lens": 0.035}, "Camera0013": {"aspect": 1.3333333333, "width": 0.024, "resolution": 640, "frame": [-0.6293204860618615, 0.7771458845177408, -1.9387458749520192e-08, -0.2457550621424453, -0.19900855148073204, 0.9486833222255483, 0.7372653357199327, 0.5970258542263297, 0.31622769349172436, 2.331437826156616, 1.8879611492156982, 1.0], "lens": 0.035}, "Camera0014": {"aspect": 1.3333333333, "width": 0.024, "resolution": 640, "frame": [-0.6691306540018958, 0.7431447825793986, 1.1667359700595599e-07, -0.2350030545491583, -0.21159787696202756, 0.9486832468309578, 0.7050090298907955, 0.634793013973989, 0.31622791967544295, 2.2294344902038574, 2.007391929626465, 1.0], "lens": 0.035}, "Camera0015": {"aspect": 1.3333333333, "width": 0.024, "resolution": 640, "frame": [-0.7071067854026291, 0.7071067769704653, -2.85087367046799e-08, -0.22360676425798012, -0.22360672867597892, 0.9486833222255481, 0.6708203999697954, 0.6708204207187403, 0.31622769349172425, 2.1213202476501465, 2.1213202476501465, 1.0], "lens": 0.035}, "Camera0016": {"aspect": 1.3333333333, "width": 0.024, "resolution": 640, "frame": [-0.7431449500918604, 0.669130467960441, -8.66448743863656e-08, -0.21159764561360458, -0.23500295849602013, 0.948683322225545, 0.6347928949852429, 0.7050092384821344, 0.3162276934917232, 2.007391929626465, 2.2294344902038574, 1.0], "lens": 0.035}, "Camera0017": {"aspect": 1.3333333333, "width": 0.024, "resolution": 640, "frame": [-0.7771460420639772, 0.6293202915084469, -1.358912555815546e-07, -0.1990086756101906, -0.24575510714644586, 0.9486832845282543, 0.5970256077725419, 0.7372654867869256, 0.3162278065835841, 1.8879611492156982, 2.331437826156616, 1.0], "lens": 0.035}, "Camera0018": {"aspect": 1.3333333333, "width": 0.024, "resolution": 640, "frame": [-0.8090168953446603, 0.5877853885959298, -1.376974836375662e-07, -0.18587412338676337, -0.25583347002750706, 0.9486833222255395, 0.5576221599811914, 0.767500861606563, 0.3162276934917214, 1.7633557319641113, 2.427051067352295, 1.0], "lens": 0.035}, "Camera0019": {"aspect": 1.3333333333, "width": 0.024, "resolution": 640, "frame": [-0.8386707042190975, 0.5446388251719143, 8.843191956486862e-09, -0.1722299340284419, -0.2652110018103041, 0.9486832845282631, 0.5166897518910178, 0.7956328767931424, 0.316227806583587, 1.6339170932769775, 2.5160117149353027, 1.0], "lens": 0.035}, "Camera0020": {"aspect": 1.3333333333, "width": 0.024, "resolution": 640, "frame": [-0.8660253806059464, 0.5000000401463127, -1.0639340075613271e-07, -0.1581139468523372, -0.27386115814748624, 0.9486833222255432, 0.47434167006188904, 0.8215838520271702, 0.31622769349172264, 1.5, 2.598076105117798, 1.0], "lens": 0.035}, "Camera0021": {"aspect": 1.3333333333, "width": 0.024, "resolution": 640, "frame": [-0.891006584984047, 0.453990380421288, -1.9269311479774842e-08, -0.14356429581345842, -0.2817608481906852, 0.9486833599228203, 0.43069311404136934, 0.8452831235224088, 0.31622758039985727, 1.3619714975357056, 2.6730196475982666, 1.0], "lens": 0.035}, "Camera0022": {"aspect": 1.3333333333, "width": 0.024, "resolution": 640, "frame": [-0.9135454884595665, 0.4067365738597369, 1.220771110865823e-07, -0.12862135480758746, -0.2888886364496428, 0.9486832468309572, 0.3858642087608448, 0.8666652844178708, 0.3162279196754428, 1.2202099561691284, 2.7406363487243652, 1.0], "lens": 0.035}, "Camera0023": {"aspect": 1.3333333333, "width": 0.024, "resolution": 640, "frame": [-0.9335804328112184, 0.3583679330967231, 2.7553141990210858e-08, -0.11332584050152188, -0.2952239963243508, 0.9486833222255482, 0.3399776894836509, 0.8856721834416289, 0.3162276934917243, 1.0751038789749146, 2.800741195678711, 1.0], "lens": 0.035}, "Camera0024": {"aspect": 1.3333333333, "width": 0.024, "resolution": 640, "frame": [-0.9510565037710687, 0.3090170329201147, -1.0411351780703626e-08, -0.09771982285826282, -0.30075061662914276, 0.9486832468309643, 0.29315927898550487, 0.902251372934638, 0.3162279196754451, 0.9270510077476501, 2.8531694412231445, 1.0], "lens": 0.035}, "Camera0025": {"aspect": 1.3333333333, "width": 0.024, "resolution": 640, "frame": [-0.9659258007497271, 0.2588191404165869, -1.3278045685183275e-07, -0.08184596002050898, -0.30545267392936154, 0.948683246830956, 0.24553734191425913, 0.9163576357205859, 0.31622791967544234, 0.7764571309089661, 2.897777557373047, 1.0], "lens": 0.035}, "Camera0026": {"aspect": 1.3333333333, "width": 0.024, "resolution": 640, "frame": [-0.9781476176982707, 0.20791161100620129, 6.040884414915122e-08, -0.06574737665522556, -0.3093174875748633, 0.9486832845282615, 0.19724228870643712, 0.9279522907397666, 0.31622780658358646, 0.6237350702285767, 2.9344427585601807, 1.0], "lens": 0.035}, "Camera0027": {"aspect": 1.3333333333, "width": 0.024, "resolution": 640, "frame": [-0.9876883442630551, 0.15643444188190592, 3.5964706768254466e-08, -0.04946883365699608, -0.31233418893332954, 0.9486833976200783, 0.14840676906233471, 0.9370035324460926, 0.3162274673079855, 0.4693033993244171, 2.9630649089813232, 1.0], "lens": 0.035}, "Camera0028": {"aspect": 1.3333333333, "width": 0.024, "resolution": 640, "frame": [-0.9945218917410713, 0.104528497778162, -4.0798546763198815e-08, -0.03305484424941428, -0.3144953599065405, 0.9486833222255477, 0.09916442970847886, 0.9434863336315455, 0.3162276934917242, 0.31358540058135986, 2.98356556892395, 1.0], "lens": 0.035}, "Camera0029": {"aspect": 1.3333333333, "width": 0.024, "resolution": 640, "frame": [-0.9986295298952669, 0.05233604896389886, -8.157785913454054e-08, -0.016550179417036934, -0.31579419590425994, 0.9486833599228174, 0.04965031301434222, 0.9473832190893136, 0.31622758039985627, 0.1570078730583191, 2.9958887100219727, 1.0], "lens": 0.035}, "Camera0030": {"aspect": 1.3333333333, "width": 0.024, "resolution": 640, "frame": [-0.9999999999999928, 8.742278000372444e-08, 8.293653763757893e-08, 5.1035005980690007e-08, -0.3162276934917301, 0.9486833222255453, 1.0916336337544791e-07, 0.9486833222255426, 0.3162276934917233, 1.8369701465288538e-16, 3.0, 1.0], "lens": 0.035}, "Camera0031": {"aspect": 1.3333333333, "width": 0.024, "resolution": 640, "frame": [-0.9986295298952669, -0.05233604896389886, 8.157785913454054e-08, 0.016550179417036934, -0.31579419590425994, 0.9486833599228174, -0.04965031301434222, 0.9473832190893136, 0.31622758039985627, -0.1570078730583191, 2.9958887100219727, 1.0], "lens": 0.035}, "Camera0032": {"aspect": 1.3333333333, "width": 0.024, "resolution": 640, "frame": [-0.9945218917410713, -0.104528497778162, 4.0798546763198815e-08, 0.03305484424941428, -0.3144953599065405, 0.9486833222255477, -0.09916442970847886, 0.9434863336315455, 0.3162276934917242, -0.31358540058135986, 2.98356556892395, 1.0], "lens": 0.035}, "Camera0033": {"aspect": 1.3333333333, "width": 0.024, "resolution": 640, "frame": [-0.9876883442630551, -0.15643444188190592, -3.5964706768254466e-08, 0.04946883365699608, -0.31233418893332954, 0.9486833976200783, -0.14840676906233471, 0.9370035324460926, 0.3162274673079855, -0.4693033993244171, 2.9630649089813232, 1.0], "lens": 0.035}, "Camera0034": {"aspect": 1.3333333333, "width": 0.024, "resolution": 640, "frame": [-0.9781476176982707, -0.20791161100620129, -6.040884414915122e-08, 0.06574737665522556, -0.3093174875748633, 0.9486832845282615, -0.19724228870643712, 0.9279522907397666, 0.31622780658358646, -0.6237350702285767, 2.9344427585601807, 1.0], "lens": 0.035}, "Camera0035": {"aspect": 1.3333333333, "width": 0.024, "resolution": 640, "frame": [-0.9659258007497271, -0.2588191404165869, 1.3278045685183275e-07, 0.08184596002050898, -0.30545267392936154, 0.948683246830956, -0.24553734191425913, 0.9163576357205859, 0.31622791967544234, -0.7764571309089661, 2.897777557373047, 1.0], "lens": 0.035}, "Camera0036": {"aspect": 1.3333333333, "width": 0.024, "resolution": 640, "frame": [-0.9510565037710687, -0.3090170329201147, 1.0411351780703626e-08, 0.09771982285826282, -0.30075061662914276, 0.9486832468309643, -0.29315927898550487, 0.902251372934638, 0.3162279196754451, -0.9270510077476501, 2.8531694412231445, 1.0], "lens": 0.035}, "Camera0037": {"aspect": 1.3333333333, "width": 0.024, "resolution": 640, "frame": [-0.9335804328112184, -0.3583679330967231, -2.7553141990210858e-08, 0.11332584050152188, -0.2952239963243508, 0.9486833222255482, -0.3399776894836509, 0.8856721834416289, 0.3162276934917243, -1.0751038789749146, 2.800741195678711, 1.0], "lens": 0.035}, "Camera0038": {"aspect": 1.3333333333, "width": 0.024, "resolution": 640, "frame": [-0.9135454884595665, -0.4067365738597369, -1.220771110865823e-07, 0.12862135480758746, -0.2888886364496428, 0.9486832468309572, -0.3858642087608448, 0.8666652844178708, 0.3162279196754428, -1.2202099561691284, 2.7406363487243652, 1.0], "lens": 0.035}, "Camera0039": {"aspect": 1.3333333333, "width": 0.024, "resolution": 640, "frame": [-0.891006584984047, -0.453990380421288, 1.9269311479774842e-08, 0.14356429581345842, -0.2817608481906852, 0.9486833599228203, -0.43069311404136934, 0.8452831235224088, 0.31622758039985727, -1.3619714975357056, 2.6730196475982666, 1.0], "lens": 0.035}, "Camera0040": {"aspect": 1.3333333333, "width": 0.024, "resolution": 640, "frame": [-0.8660253806059464, -0.5000000401463127, 1.0639340075613271e-07, 0.1581139468523372, -0.27386115814748624, 0.9486833222255432, -0.47434167006188904, 0.8215838520271702, 0.31622769349172264, -1.5, 2.598076105117798, 1.0], "lens": 0.035}, "Camera0041": {"aspect": 1.3333333333, "width": 0.024, "resolution": 640, "frame": [-0.8386707042190975, -0.5446388251719143, -8.843191956486862e-09, 0.1722299340284419, -0.2652110018103041, 0.9486832845282631, -0.5166897518910178, 0.7956328767931424, 0.316227806583587, -1.6339170932769775, 2.5160117149353027, 1.0], "lens": 0.035}, "Camera0042": {"aspect": 1.3333333333, "width": 0.024, "resolution": 640, "frame": [-0.8090168953446603, -0.5877853885959298, 1.376974836375662e-07, 0.18587412338676337, -0.25583347002750706, 0.9486833222255395, -0.5576221599811914, 0.767500861606563, 0.3162276934917214, -1.7633557319641113, 2.427051067352295, 1.0], "lens": 0.035}, "Camera0043": {"aspect": 1.3333333333, "width": 0.024, "resolution": 640, "frame": [-0.7771460420639772, -0.6293202915084469, 1.358912555815546e-07, 0.1990086756101906, -0.24575510714644586, 0.9486832845282543, -0.5970256077725419, 0.7372654867869256, 0.3162278065835841, -1.8879611492156982, 2.331437826156616, 1.0], "lens": 0.035}, "Camera0044": {"aspect": 1.3333333333, "width": 0.024, "resolution": 640, "frame": [-0.7431449500918604, -0.669130467960441, 8.66448743863656e-08, 0.21159764561360458, -0.23500295849602013, 0.948683322225545, -0.6347928949852429, 0.7050092384821344, 0.3162276934917232, -2.007391929626465, 2.2294344902038574, 1.0], "lens": 0.035}, "Camera0045": {"aspect": 1.3333333333, "width": 0.024, "resolution": 640, "frame": [-0.7071067854026291, -0.7071067769704653, 2.85087367046799e-08, 0.22360676425798012, -0.22360672867597892, 0.9486833222255481, -0.6708203999697954, 0.6708204207187403, 0.31622769349172425, -2.1213202476501465, 2.1213202476501465, 1.0], "lens": 0.035}, "Camera0046": {"aspect": 1.3333333333, "width": 0.024, "resolution": 640, "frame": [-0.6691306540018958, -0.7431447825793986, -1.1667359700595599e-07, 0.2350030545491583, -0.21159787696202756, 0.9486832468309578, -0.7050090298907955, 0.634793013973989, 0.31622791967544295, -2.2294344902038574, 2.007391929626465, 1.0], "lens": 0.035}, "Camera0047": {"aspect": 1.3333333333, "width": 0.024, "resolution": 640, "frame": [-0.6293204860618615, -0.7771458845177408, 1.9387458749520192e-08, 0.2457550621424453, -0.19900855148073204, 0.9486833222255483, -0.7372653357199327, 0.5970258542263297, 0.31622769349172436, -2.331437826156616, 1.8879611492156982, 1.0], "lens": 0.035}, "Camera0048": {"aspect": 1.3333333333, "width": 0.024, "resolution": 640, "frame": [-0.5877852053586907, -0.8090170284743331, 4.3805339799973795e-08, 0.25583361333678944, -0.18587392613849807, 0.9486833222255475, -0.7675009541678003, 0.5576220325815868, 0.3162276934917241, -2.427051067352295, 1.7633557319641113, 1.0], "lens": 0.035}, "Camera0049": {"aspect": 1.3333333333, "width": 0.024, "resolution": 640, "frame": [-0.5446392350822523, -0.8386704380202149, -7.795044609792967e-09, 0.265210909034006, -0.17223007689141506, 0.9486832845282631, -0.7956326271203157, 0.5166901363534611, 0.316227806583587, -2.5160117149353027, 1.6339170932769775, 1.0], "lens": 0.035}, "Camera0050": {"aspect": 1.3333333333, "width": 0.024, "resolution": 640, "frame": [-0.5000000504735637, -0.8660253746435086, -6.59782415368681e-08, 0.2738613713134359, -0.15811403000552496, 0.9486832468309622, -0.8215837746868898, 0.47434165323001365, 0.3162279196754444, -2.598076105117798, 1.5, 1.0], "lens": 0.035}, "Camera0051": {"aspect": 1.3333333333, "width": 0.024, "resolution": 640, "frame": [-0.45399060347894266, -0.8910064713304925, 9.91216353440903e-08, 0.28176096400606887, -0.14356431761923152, 0.9486833222255439, -0.8452829651159405, 0.4306933418961904, 0.31622769349172286, -2.6730196475982666, 1.3619714975357056, 1.0], "lens": 0.035}, "Camera0052": {"aspect": 1.3333333333, "width": 0.024, "resolution": 640, "frame": [-0.40673669365676435, -0.9135454351224991, 8.522184202774941e-08, 0.28888839873275063, -0.1286213326347143, 0.9486833222255451, -0.8666653074346468, 0.3858643424289345, 0.31622769349172325, -2.7406363487243652, 1.2202099561691284, 1.0], "lens": 0.035}, "Camera0053": {"aspect": 1.3333333333, "width": 0.024, "resolution": 640, "frame": [-0.35836783293809604, -0.9335804712585051, 2.2707276059463762e-08, 0.2952241124153132, -0.11332585364892461, 0.9486832845282629, -0.8856721852716407, 0.3399775795247241, 0.31622780658358696, -2.800741195678711, 1.0751038789749146, 1.0], "lens": 0.035}, "Camera0054": {"aspect": 1.3333333333, "width": 0.024, "resolution": 640, "frame": [-0.3090170442613494, -0.9510565000860765, -4.362555117154442e-08, 0.30075049817004706, -0.09771982146492465, 0.9486832845282621, -0.9022514085366936, 0.2931592914046661, 0.3162278065835867, -2.8531694412231445, 0.9270510077476501, 1.0], "lens": 0.035}, "Camera0055": {"aspect": 1.3333333333, "width": 0.024, "resolution": 640, "frame": [-0.2588191519351374, -0.9659257976633425, 1.0827017149495056e-07, 0.3054524044252616, -0.08184565496338331, 0.9486833599228149, -0.9163577223019418, 0.24553745574158384, 0.31622758039985543, -2.897777557373047, 0.7764571309089661, 1.0], "lens": 0.035}, "Camera0056": {"aspect": 1.3333333333, "width": 0.024, "resolution": 640, "frame": [-0.2079115060662056, -0.9781476400039146, 2.3310356311867297e-07, 0.3093175286912112, -0.0657471832178169, 0.9486832845282374, -0.9279523005465551, 0.19724224256911854, 0.3162278065835784, -2.9344427585601807, 0.6237350702285767, 1.0], "lens": 0.035}, "Camera0057": {"aspect": 1.3333333333, "width": 0.024, "resolution": 640, "frame": [-0.15643468914321695, -0.9876883051006775, -1.2663743120810943e-07, 0.3123341524178265, -0.049469064206587844, 0.9486833976200714, -0.9370035033371555, 0.14840695284883199, 0.3162274673079832, -2.9630649089813232, 0.4693033993244171, 1.0], "lens": 0.035}, "Camera0058": {"aspect": 1.3333333333, "width": 0.024, "resolution": 640, "frame": [-0.1045283910814667, -0.9945219029553323, 1.573241519281503e-07, 0.3144954955718488, -0.03305463540422115, 0.9486832845282515, -0.9434863002306589, 0.09916438685535654, 0.3162278065835831, -2.98356556892395, 0.31358540058135986, 1.0], "lens": 0.035}, "Camera0059": {"aspect": 1.3333333333, "width": 0.024, "resolution": 640, "frame": [-0.05233594182651967, -0.9986295355101058, 3.863215169985778e-08, 0.3157943165851685, -0.016550037571066455, 0.9486833222255477, -0.9473831847809193, 0.04965024736359963, 0.3162276934917242, -2.9958887100219727, 0.1570078730583191, 1.0], "lens": 0.035}, "Camera0060": {"aspect": 1.3333333333, "width": 0.024, "resolution": 640, "frame": [-4.371139000186219e-08, -0.9999999999999938, 1.0257390670176373e-07, 0.31622780658359095, 8.348739373371605e-08, 0.9486832845282581, -0.9486832845282607, 7.390498656727092e-08, 0.31622780658358535, -3.0, 3.6739402930577075e-16, 1.0], "lens": 0.035}, "Camera0061": {"aspect": 1.3333333333, "width": 0.024, "resolution": 640, "frame": [0.05233573547763094, -0.9986295463243691, 1.192853638087854e-08, 0.31579431749459014, 0.016550020218179164, 0.9486833222255484, -0.9473831958770123, -0.049650035637072425, 0.31622769349172436, -2.9958887100219727, -0.1570078730583191, 1.0], "lens": 0.035}, "Camera0062": {"aspect": 1.3333333333, "width": 0.024, "resolution": 640, "frame": [0.10452842269384766, -0.9945218996327487, 7.191020756636128e-08, 0.31449547178927695, 0.0330548616804134, 0.9486832845282607, -0.9434863046558631, -0.09916434475232312, 0.3162278065835862, -2.98356556892395, -0.31358540058135986, 1.0], "lens": 0.035}, "Camera0063": {"aspect": 1.3333333333, "width": 0.024, "resolution": 640, "frame": [0.15643413183025104, -0.9876883933703545, -5.696566773849551e-08, 0.31233443097812735, 0.0494687513150303, 0.948683322225547, -0.9370035035281804, -0.14840646968653115, 0.3162276934917239, -2.9630649089813232, -0.4693033993244171, 1.0], "lens": 0.035}, "Camera0064": {"aspect": 1.3333333333, "width": 0.024, "resolution": 640, "frame": [0.20791165376239332, -0.9781476086101655, 3.183442487397769e-08, 0.30931735588614306, 0.06574745226016018, 0.948683322225548, -0.9279523250562993, -0.19724230857377503, 0.31622769349172425, -2.9344427585601807, -0.6237350702285767, 1.0], "lens": 0.035}, "Camera0065": {"aspect": 1.3333333333, "width": 0.024, "resolution": 640, "frame": [0.2588190674912191, -0.9659258202900333, 4.42623431240463e-08, 0.30545248336636177, 0.08184579730456691, 0.9486833222255475, -0.9163577198388728, -0.24553731928284533, 0.3162276934917241, -2.897777557373047, -0.7764571309089661, 1.0], "lens": 0.035}, "Camera0066": {"aspect": 1.3333333333, "width": 0.024, "resolution": 640, "frame": [0.3090168477425672, -0.951056563938879, -1.403993792337128e-07, 0.30075046475391926, 0.09771955833616577, 0.9486833222255392, -0.9022514869821765, -0.29315917196526087, 0.3162276934917213, -2.8531694412231445, -0.9270510077476501, 1.0], "lens": 0.035}, "Camera0067": {"aspect": 1.3333333333, "width": 0.024, "resolution": 640, "frame": [0.35836808519627267, -0.9335803744256478, -1.5584824097913888e-07, 0.29522402147871274, 0.11332577497222074, 0.9486833222255371, -0.8856721135130616, -0.33997787165374865, 0.3162276934917206, -2.800741195678711, -1.0751038789749146, 1.0], "lens": 0.035}, "Camera0068": {"aspect": 1.3333333333, "width": 0.024, "resolution": 640, "frame": [0.4067365048889722, -0.9135455191673251, 7.489008879701935e-08, 0.2888884668431498, 0.1286214577031605, 0.9486832845282605, -0.8666653733222052, -0.385864101760732, 0.3162278065835861, -2.7406363487243652, -1.2202099561691284, 1.0], "lens": 0.035}, "Camera0069": {"aspect": 1.3333333333, "width": 0.024, "resolution": 640, "frame": [0.4539903131521609, -0.8910066192593643, -3.2270687455593354e-08, 0.281761082758606, 0.14356433366043744, 0.9486832845282626, -0.8452830814624771, -0.43069303051783037, 0.31622780658358685, -2.6730196475982666, -1.3619714975357056, 1.0], "lens": 0.035}, "Camera0070": {"aspect": 1.3333333333, "width": 0.024, "resolution": 640, "frame": [0.500000078001479, -0.8660253587502377, 1.9192241040855032e-07, 0.27386111066612673, 0.15811402909243896, 0.9486833222255311, -0.8215838448163585, -0.47434168255138337, 0.3162276934917186, -2.598076105117798, -1.5, 1.0], "lens": 0.035}, "Camera0071": {"aspect": 1.3333333333, "width": 0.024, "resolution": 640, "frame": [0.5446390117973712, -0.8386705830231456, 4.5499248813030135e-09, 0.26521105141150175, 0.17223006529484206, 0.9486832468309643, -0.7956327325076493, -0.5166899048560475, 0.3162279196754451, -2.5160117149353027, -1.6339170932769775, 1.0], "lens": 0.035}, "Camera0072": {"aspect": 1.3333333333, "width": 0.024, "resolution": 640, "frame": [0.5877849899686329, -0.8090171849643042, -8.244131066703621e-08, 0.2558335928742419, 0.1858737618993358, 0.9486833599228173, -0.7675011259435589, -0.5576218602868989, 0.3162275803998562, -2.427051067352295, -1.7633557319641113, 1.0], "lens": 0.035}, "Camera0073": {"aspect": 1.3333333333, "width": 0.024, "resolution": 640, "frame": [0.6293203718000945, -0.7771459770451002, 8.716878596715095e-08, 0.24575502778533653, 0.1990085939082313, 0.948683322225545, -0.7372654447047002, -0.5970257196413613, 0.3162276934917232, -2.331437826156616, -1.8879611492156982, 1.0], "lens": 0.035}, "Camera0074": {"aspect": 1.3333333333, "width": 0.024, "resolution": 640, "frame": [0.6691305004443416, -0.7431449208432397, -3.77855613464817e-09, 0.23500292260330205, 0.21159751646334288, 0.9486833599228205, -0.70500921961561, -0.634792972276348, 0.3162275803998573, -2.2294344902038574, -2.007391929626465, 1.0], "lens": 0.035}, "Camera0075": {"aspect": 1.3333333333, "width": 0.024, "resolution": 640, "frame": [0.7071067657322352, -0.7071067966408555, -7.650891120647422e-08, 0.22360696261384042, 0.22360685019220142, 0.9486832468309615, -0.6708203545855705, -0.6708203594789222, 0.3162279196754442, -2.1213202476501465, -2.1213202476501465, 1.0], "lens": 0.035}, "Camera0076": {"aspect": 1.3333333333, "width": 0.024, "resolution": 640, "frame": [0.7431447719447394, -0.6691306658128894, 2.621053241114168e-08, 0.21159755294269228, 0.23500288975715466, 0.9486833599228202, -0.6347931344303165, -0.7050090736115288, 0.3162275803998572, -2.007391929626465, -2.2294344902038574, 1.0], "lens": 0.035}, "Camera0077": {"aspect": 1.3333333333, "width": 0.024, "resolution": 640, "frame": [0.7771459120262133, -0.629320452091734, 2.3639792345875318e-08, 0.19900853760333823, 0.2457550733801384, 0.9486833222255482, -0.5970258230444692, -0.7372653609705112, 0.3162276934917243, -1.8879611492156982, -2.331437826156616, 1.0], "lens": 0.035}, "Camera0078": {"aspect": 1.3333333333, "width": 0.024, "resolution": 640, "frame": [0.8090169840977827, -0.5877852664377756, 3.398181291913715e-08, 0.18587382004549272, 0.2558334108393976, 0.9486833976200784, -0.5576221323288951, -0.767500974889904, 0.31622746730798557, -1.7633557319641113, -2.427051067352295, 1.0], "lens": 0.035}, "Camera0079": {"aspect": 1.3333333333, "width": 0.024, "resolution": 640, "frame": [0.8386705592162157, -0.5446390484568272, 4.09816856006273e-08, 0.1722298558784098, 0.26521078286836663, 0.9486833599228196, -0.5166900133039752, -0.7956327969273198, 0.31622758039985704, -1.6339170932769775, -2.5160117149353027, 1.0], "lens": 0.035}, "Camera0080": {"aspect": 1.3333333333, "width": 0.024, "resolution": 640, "frame": [0.866025396499206, -0.5000000126183908, 4.403596776114681e-08, 0.15811381455690707, 0.2738612345282949, 0.9486833222255475, -0.47434168514337527, -0.821583843319869, 0.3162276934917241, -1.5, -2.598076105117798, 1.0], "lens": 0.035}, "Camera0081": {"aspect": 1.3333333333, "width": 0.024, "resolution": 640, "frame": [0.8910064641151083, -0.4539906176399376, -1.6991512197250813e-08, 0.14356431756050272, 0.2817607101840329, 0.9486833976200788, -0.43069335684275356, -0.8452830421175486, 0.3162274673079857, -1.3619714975357056, -2.6730196475982666, 1.0], "lens": 0.035}, "Camera0082": {"aspect": 1.3333333333, "width": 0.024, "resolution": 640, "frame": [0.9135454165364332, -0.4067367354017512, -2.7419977399745218e-08, 0.128621351461159, 0.28888814276174246, 0.9486833976200786, -0.38586438015652585, -0.8666653731668278, 0.3162274673079856, -1.2202099561691284, -2.7406363487243652, 1.0], "lens": 0.035}, "Camera0083": {"aspect": 1.3333333333, "width": 0.024, "resolution": 640, "frame": [0.9335804014816922, -0.35836801471291785, -6.475463010247036e-08, 0.11332594806524753, 0.2952239550345002, 0.9486833222255465, -0.33997773966010647, -0.8856721641806912, 0.31622769349172375, -1.0751038789749146, -2.800741195678711, 1.0], "lens": 0.035}, "Camera0084": {"aspect": 1.3333333333, "width": 0.024, "resolution": 640, "frame": [0.9510564859653642, -0.3090170877204251, -1.4275008730635363e-08, 0.0977197737790069, 0.3007503947523193, 0.9486833222255484, -0.29315935310986213, -0.902251428124728, 0.31622769349172436, -0.9270510077476501, -2.8531694412231445, 1.0], "lens": 0.035}, "Camera0085": {"aspect": 1.3333333333, "width": 0.024, "resolution": 640, "frame": [0.9659257935498673, -0.25881916728684307, -6.613051795056885e-08, 0.08184576109075119, 0.3054521418258521, 0.9486834353173218, -0.24553743654794252, -0.9163578054990008, 0.3162273542161089, -0.7764571309089661, -2.897777557373047, 1.0], "lens": 0.035}, "Camera0086": {"aspect": 1.3333333333, "width": 0.024, "resolution": 640, "frame": [0.9781475995220578, -0.20791169651858482, -9.501528452915409e-10, 0.06574746063484098, 0.30931746972445084, 0.9486832845282631, -0.19724235085119562, -0.927952277530492, 0.316227806583587, -0.6237350702285767, -2.9344427585601807, 1.0], "lens": 0.035}, "Camera0087": {"aspect": 1.3333333333, "width": 0.024, "resolution": 640, "frame": [0.9876883375802856, -0.15643448407525704, -2.089666217841568e-09, 0.049468935731177985, 0.3123345162710825, 0.9486832845282631, -0.14840677951332423, -0.9370034162892988, 0.316227806583587, -0.4693033993244171, -2.9630649089813232, 1.0], "lens": 0.035}, "Camera0088": {"aspect": 1.3333333333, "width": 0.024, "resolution": 640, "frame": [0.9945218958424652, -0.10452845875601686, 1.9855889377140556e-08, 0.03305482196817229, 0.31449581710758456, 0.9486831714363257, -0.09916439600260342, -0.9434861855543644, 0.3162281458591478, -0.31358540058135986, -2.98356556892395, 1.0], "lens": 0.035}, "Camera0089": {"aspect": 1.3333333333, "width": 0.024, "resolution": 640, "frame": [0.9986295350682513, -0.0523359502576235, 6.482840930743805e-09, 0.01655007069493141, 0.3157943148492208, 0.9486833222255485, -0.04965024520947762, -0.947383184893812, 0.3162276934917244, -0.1570078730583191, -2.9958887100219727, 1.0], "lens": 0.035}, "Camera0090": {"aspect": 1.3333333333, "width": 0.024, "resolution": 640, "frame": [1.0, -1.8369704112266498e-16, 1.3983138568946866e-23, 5.809005757526256e-17, 0.3162275803998573, 0.9486833599228205, -1.742703306019844e-16, -0.9486833599228205, 0.3162275803998573, -5.510910704284357e-16, -3.0, 1.0], "lens": 0.035}, "Camera0091": {"aspect": 1.3333333333, "width": 0.024, "resolution": 640, "frame": [0.9986295350682513, 0.0523359502576235, -6.482840930743805e-09, -0.01655007069493141, 0.3157943148492208, 0.9486833222255485, 0.04965024520947762, -0.947383184893812, 0.3162276934917244, 0.1570078730583191, -2.9958887100219727, 1.0], "lens": 0.035}, "Camera0092": {"aspect": 1.3333333333, "width": 0.024, "resolution": 640, "frame": [0.9945218958424652, 0.10452845875601686, -1.9855889377140556e-08, -0.03305482196817229, 0.31449581710758456, 0.9486831714363257, 0.09916439600260342, -0.9434861855543644, 0.3162281458591478, 0.31358540058135986, -2.98356556892395, 1.0], "lens": 0.035}, "Camera0093": {"aspect": 1.3333333333, "width": 0.024, "resolution": 640, "frame": [0.9876883375802856, 0.15643448407525704, 2.089666217841568e-09, -0.049468935731177985, 0.3123345162710825, 0.9486832845282631, 0.14840677951332423, -0.9370034162892988, 0.316227806583587, 0.4693033993244171, -2.9630649089813232, 1.0], "lens": 0.035}, "Camera0094": {"aspect": 1.3333333333, "width": 0.024, "resolution": 640, "frame": [0.9781475995220578, 0.20791169651858482, 9.501528452915409e-10, -0.06574746063484098, 0.30931746972445084, 0.9486832845282631, 0.19724235085119562, -0.927952277530492, 0.316227806583587, 0.6237350702285767, -2.9344427585601807, 1.0], "lens": 0.035}, "Camera0095": {"aspect": 1.3333333333, "width": 0.024, "resolution": 640, "frame": [0.9659257935498673, 0.25881916728684307, 6.613051795056885e-08, -0.08184576109075119, 0.3054521418258521, 0.9486834353173218, 0.24553743654794252, -0.9163578054990008, 0.3162273542161089, 0.7764571309089661, -2.897777557373047, 1.0], "lens": 0.035}, "Camera0096": {"aspect": 1.3333333333, "width": 0.024, "resolution": 640, "frame": [0.9510564859653642, 0.3090170877204251, 1.4275008730635363e-08, -0.0977197737790069, 0.3007503947523193, 0.9486833222255484, 0.29315935310986213, -0.902251428124728, 0.31622769349172436, 0.9270510077476501, -2.8531694412231445, 1.0], "lens": 0.035}, "Camera0097": {"aspect": 1.3333333333, "width": 0.024, "resolution": 640, "frame": [0.9335804014816922, 0.35836801471291785, 6.475463010247036e-08, -0.11332594806524753, 0.2952239550345002, 0.9486833222255465, 0.33997773966010647, -0.8856721641806912, 0.31622769349172375, 1.0751038789749146, -2.800741195678711, 1.0], "lens": 0.035}, "Camera0098": {"aspect": 1.3333333333, "width": 0.024, "resolution": 640, "frame": [0.9135454165364332, 0.4067367354017512, 2.7419977399745218e-08, -0.128621351461159, 0.28888814276174246, 0.9486833976200786, 0.38586438015652585, -0.8666653731668278, 0.3162274673079856, 1.2202099561691284, -2.7406363487243652, 1.0], "lens": 0.035}, "Camera0099": {"aspect": 1.3333333333, "width": 0.024, "resolution": 640, "frame": [0.8910064641151083, 0.4539906176399376, 1.6991512197250813e-08, -0.14356431756050272, 0.2817607101840329, 0.9486833976200788, 0.43069335684275356, -0.8452830421175486, 0.3162274673079857, 1.3619714975357056, -2.6730196475982666, 1.0], "lens": 0.035}, "Camera0100": {"aspect": 1.3333333333, "width": 0.024, "resolution": 640, "frame": [0.866025396499206, 0.5000000126183908, -4.403596776114681e-08, -0.15811381455690707, 0.2738612345282949, 0.9486833222255475, 0.47434168514337527, -0.821583843319869, 0.3162276934917241, 1.5, -2.598076105117798, 1.0], "lens": 0.035}, "Camera0101": {"aspect": 1.3333333333, "width": 0.024, "resolution": 640, "frame": [0.8386705592162157, 0.5446390484568272, -4.09816856006273e-08, -0.1722298558784098, 0.26521078286836663, 0.9486833599228196, 0.5166900133039752, -0.7956327969273198, 0.31622758039985704, 1.6339170932769775, -2.5160117149353027, 1.0], "lens": 0.035}, "Camera0102": {"aspect": 1.3333333333, "width": 0.024, "resolution": 640, "frame": [0.8090169840977827, 0.5877852664377756, -3.398181291913715e-08, -0.18587382004549272, 0.2558334108393976, 0.9486833976200784, 0.5576221323288951, -0.767500974889904, 0.31622746730798557, 1.7633557319641113, -2.427051067352295, 1.0], "lens": 0.035}, "Camera0103": {"aspect": 1.3333333333, "width": 0.024, "resolution": 640, "frame": [0.7771459120262133, 0.629320452091734, -2.3639792345875318e-08, -0.19900853760333823, 0.2457550733801384, 0.9486833222255482, 0.5970258230444692, -0.7372653609705112, 0.3162276934917243, 1.8879611492156982, -2.331437826156616, 1.0], "lens": 0.035}, "Camera0104": {"aspect": 1.3333333333, "width": 0.024, "resolution": 640, "frame": [0.7431447719447394, 0.6691306658128894, -2.621053241114168e-08, -0.21159755294269228, 0.23500288975715466, 0.9486833599228202, 0.6347931344303165, -0.7050090736115288, 0.3162275803998572, 2.007391929626465, -2.2294344902038574, 1.0], "lens": 0.035}, "Camera0105": {"aspect": 1.3333333333, "width": 0.024, "resolution": 640, "frame": [0.7071067657322352, 0.7071067966408555, 7.650891120647422e-08, -0.22360696261384042, 0.22360685019220142, 0.9486832468309615, 0.6708203545855705, -0.6708203594789222, 0.3162279196754442, 2.1213202476501465, -2.1213202476501465, 1.0], "lens": 0.035}, "Camera0106": {"aspect": 1.3333333333, "width": 0.024, "resolution": 640, "frame": [0.6691305004443416, 0.7431449208432397, 3.77855613464817e-09, -0.23500292260330205, 0.21159751646334288, 0.9486833599228205, 0.70500921961561, -0.634792972276348, 0.3162275803998573, 2.2294344902038574, -2.007391929626465, 1.0], "lens": 0.035}, "Camera0107": {"aspect": 1.3333333333, "width": 0.024, "resolution": 640, "frame": [0.6293203718000945, 0.7771459770451002, -8.716878596715095e-08, -0.24575502778533653, 0.1990085939082313, 0.948683322225545, 0.7372654447047002, -0.5970257196413613, 0.3162276934917232, 2.331437826156616, -1.8879611492156982, 1.0], "lens": 0.035}, "Camera0108": {"aspect": 1.3333333333, "width": 0.024, "resolution": 640, "frame": [0.5877849899686329, 0.8090171849643042, 8.244131066703621e-08, -0.2558335928742419, 0.1858737618993358, 0.9486833599228173, 0.7675011259435589, -0.5576218602868989, 0.3162275803998562, 2.427051067352295, -1.7633557319641113, 1.0], "lens": 0.035}, "Camera0109": {"aspect": 1.3333333333, "width": 0.024, "resolution": 640, "frame": [0.5446390117973712, 0.8386705830231456, -4.5499248813030135e-09, -0.26521105141150175, 0.17223006529484206, 0.9486832468309643, 0.7956327325076493, -0.5166899048560475, 0.3162279196754451, 2.5160117149353027, -1.6339170932769775, 1.0], "lens": 0.035}, "Camera0110": {"aspect": 1.3333333333, "width": 0.024, "resolution": 640, "frame": [0.500000078001479, 0.8660253587502377, -1.9192241040855032e-07, -0.27386111066612673, 0.15811402909243896, 0.9486833222255311, 0.8215838448163585, -0.47434168255138337, 0.3162276934917186, 2.598076105117798, -1.5, 1.0], "lens": 0.035}, "Camera0111": {"aspect": 1.3333333333, "width": 0.024, "resolution": 640, "frame": [0.4539903131521609, 0.8910066192593643, 3.2270687455593354e-08, -0.281761082758606, 0.14356433366043744, 0.9486832845282626, 0.8452830814624771, -0.43069303051783037, 0.31622780658358685, 2.6730196475982666, -1.3619714975357056, 1.0], "lens": 0.035}, "Camera0112": {"aspect": 1.3333333333, "width": 0.024, "resolution": 640, "frame": [0.4067365048889722, 0.9135455191673251, -7.489008879701935e-08, -0.2888884668431498, 0.1286214577031605, 0.9486832845282605, 0.8666653733222052, -0.385864101760732, 0.3162278065835861, 2.7406363487243652, -1.2202099561691284, 1.0], "lens": 0.035}, "Camera0113": {"aspect": 1.3333333333, "width": 0.024, "resolution": 640, "frame": [0.35836808519627267, 0.9335803744256478, 1.5584824097913888e-07, -0.29522402147871274, 0.11332577497222074, 0.9486833222255371, 0.8856721135130616, -0.33997787165374865, 0.3162276934917206, 2.800741195678711, -1.0751038789749146, 1.0], "lens": 0.035}, "Camera0114": {"aspect": 1.3333333333, "width": 0.024, "resolution": 640, "frame": [0.3090168477425672, 0.951056563938879, 1.403993792337128e-07, -0.30075046475391926, 0.09771955833616577, 0.9486833222255392, 0.9022514869821765, -0.29315917196526087, 0.3162276934917213, 2.8531694412231445, -0.9270510077476501, 1.0], "lens": 0.035}, "Camera0115": {"aspect": 1.3333333333, "width": 0.024, "resolution": 640, "frame": [0.2588190674912191, 0.9659258202900333, -4.42623431240463e-08, -0.30545248336636177, 0.08184579730456691, 0.9486833222255475, 0.9163577198388728, -0.24553731928284533, 0.3162276934917241, 2.897777557373047, -0.7764571309089661, 1.0], "lens": 0.035}, "Camera0116": {"aspect": 1.3333333333, "width": 0.024, "resolution": 640, "frame": [0.20791165376239332, 0.9781476086101655, -3.183442487397769e-08, -0.30931735588614306, 0.06574745226016018, 0.948683322225548, 0.9279523250562993, -0.19724230857377503, 0.31622769349172425, 2.9344427585601807, -0.6237350702285767, 1.0], "lens": 0.035}, "Camera0117": {"aspect": 1.3333333333, "width": 0.024, "resolution": 640, "frame": [0.15643413183025104, 0.9876883933703545, 5.696566773849551e-08, -0.31233443097812735, 0.0494687513150303, 0.948683322225547, 0.9370035035281804, -0.14840646968653115, 0.3162276934917239, 2.9630649089813232, -0.4693033993244171, 1.0], "lens": 0.035}, "Camera0118": {"aspect": 1.3333333333, "width": 0.024, "resolution": 640, "frame": [0.10452842269384766, 0.9945218996327487, -7.191020756636128e-08, -0.31449547178927695, 0.0330548616804134, 0.9486832845282607, 0.9434863046558631, -0.09916434475232312, 0.3162278065835862, 2.98356556892395, -0.31358540058135986, 1.0], "lens": 0.035}, "Camera0119": {"aspect": 1.3333333333, "width": 0.024, "resolution": 640, "frame": [0.05233573547763094, 0.9986295463243691, -1.192853638087854e-08, -0.31579431749459014, 0.01