{"cameras": {"Camera0000": {"aspect": 1.3333333333333333, "width": 0.024, "resolution": 640, "frame": [0.9284767169664239, -0.041124869601230296, 0.3691066663601904, 0.37139061115118466, 0.10281212609986849, -0.9227668614962147, 2.572524238075857e-08, 0.9938502964869038, 0.11073205576025759, 1.0, -3.0, 1.7999999523162842], "lens": 0.035, "max_depth": 1000.0, "min_depth": 0.10000000149011612}, "Camera0001": {"aspect": 1.3333333333333333, "width": 0.024, "resolution": 640, "frame": [0.9291847318925808, -0.04079022379304663, 0.36735798842631123, 0.3696156571598531, 0.10254355497345571, -0.9235091149066671, -5.060917018795406e-08, 0.9938918336400189, 0.11035861100828698, 0.9986295104026794, -2.9842991828918457, 1.7999999523162842], "lens": 0.035, "max_depth": 1000.0, "min_depth": 0.10000000149011612}, "Camera0002": {"aspect": 1.3333333333333333, "width": 0.024, "resolution": 640, "frame": [0.93023089311308, -0.040376960023367575, 0.3647467430934961, 0.3669747750159967, 0.10235004782617116, -0.9245831396969875, 9.869765449366241e-09, 0.9939286537821777, 0.11002650221991087, 0.9945219159126282, -2.968641519546509, 1.7999999523162842], "lens": 0.035, "max_depth": 1000.0, "min_depth": 0.10000000149011612}, "Camera0003": {"aspect": 1.3333333333333333, "width": 0.024, "resolution": 640, "frame": [0.9316056920662656, -0.03988488280991517, 0.36127556052544374, 0.3634705414606997, 0.10222833929695223, -0.9259797687502968, -6.0201337248599884e-09, 0.9939610469066816, 0.10973348273053862, 0.9876883625984192, -2.9530696868896484, 1.7999999523162842], "lens": 0.035, "max_depth": 1000.0, "min_depth": 0.10000000149011612}, "Camera0004": {"aspect": 1.3333333333333333, "width": 0.024, "resolution": 640, "frame": [0.9332969245542155, -0.03931359714260338, 0.3569471833441918, 0.3591056259899561, 0.10217381218308325, -0.9276872649154659, 6.893692017229109e-08, 0.9939894130138838, 0.10947623859226317, 0.9781476259231567, -2.937626600265503, 1.7999999523162842], "lens": 0.035, "max_depth": 1000.0, "min_depth": 0.10000000149011612}, "Camera0005": {"aspect": 1.3333333333333333, "width": 0.024, "resolution": 640, "frame": [0.9352897192635341, -0.03866232563056062, 0.3517646452058193, 0.35388294821866695, 0.10218185205622304, -0.9296912003834522, 6.099006100157563e-08, 0.9940141315329458, 0.10925157350262577, 0.9659258127212524, -2.922354221343994, 1.7999999523162842], "lens": 0.035, "max_depth": 1000.0, "min_depth": 0.10000000149011612}, "Camera0006": {"aspect": 1.3333333333333333, "width": 0.024, "resolution": 640, "frame": [0.9375667450240079, -0.037930519752924274, 0.3457309275959556, 0.34780540338684157, 0.10224812657703825, -0.9319746359136617, -5.730968055672744e-08, 0.9940355105743249, 0.10905688294297489, 0.9510565400123596, -2.907294988632202, 1.7999999523162842], "lens": 0.035, "max_depth": 1000.0, "min_depth": 0.10000000149011612}, "Camera0007": {"aspect": 1.3333333333333333, "width": 0.024, "resolution": 640, "frame": [0.9401076919087745, -0.037117272103792336, 0.3388507573040523, 0.3408775844991216, 0.10236578756587249, -0.9345179066888247, 3.0789713889589614e-08, 0.9940540999601539, 0.10888731033691368, 0.9335803985595703, -2.8924896717071533, 1.7999999523162842], "lens": 0.035, "max_depth": 1000.0, "min_depth": 0.10000000149011612}, "Camera0008": {"aspect": 1.3333333333333333, "width": 0.024, "resolution": 640, "frame": [0.9428897828603069, -0.036221718724060596, 0.33112964903541714, 0.33310487444293485, 0.10252950898829431, -0.9372986943386702, 9.339697015775528e-09, 0.9940702625465135, 0.10873965753443221, 0.9135454297065735, -2.877979040145874, 1.7999999523162842], "lens": 0.035, "max_depth": 1000.0, "min_depth": 0.10000000149011612}, "Camera0009": {"aspect": 1.3333333333333333, "width": 0.024, "resolution": 640, "frame": [0.9458876772870678, -0.035243349112860936, 0.3225746553897018, 0.32449422484302093, 0.10273311627174218, -0.9402921912175085, -5.361529176184374e-08, 0.9940844094765825, 0.10861025198199027, 0.8910065293312073, -2.863802909851074, 1.7999999523162842], "lens": 0.035, "max_depth": 1000.0, "min_depth": 0.10000000149011612}, "Camera0010": {"aspect": 1.3333333333333333, "width": 0.024, "resolution": 640, "frame": [0.9490733821879118, -0.0341816217200371, 0.31319535749909544, 0.31505509870877807, 0.10296887981042124, -0.9434710883584028, -3.2774476466101987e-09, 0.9940970910968281, 0.10849411722680948, 0.8660253882408142, -2.8499999046325684, 1.7999999523162842], "lens": 0.035, "max_depth": 1000.0, "min_depth": 0.10000000149011612}, "Camera0011": {"aspect": 1.3333333333333333, "width": 0.024, "resolution": 640, "frame": [0.9524166388173452, -0.033036261737249384, 0.3030035503328281, 0.3047991898018578, 0.10322969613898005, -0.9468057264989398, -4.2634944463770794e-08, 0.9941087642936671, 0.10838710603441898, 0.838670551776886, -2.8366081714630127, 1.7999999523162842], "lens": 0.035, "max_depth": 1000.0, "min_depth": 0.10000000149011612}, "Camera0012": {"aspect": 1.3333333333333333, "width": 0.024, "resolution": 640, "frame": [0.9558849621912854, -0.03180765792606845, 0.2920140612262075, 0.29374127911576176, 0.10350774120393029, -0.9502642834781787, -3.4609076493552486e-08, 0.9941199225486422, 0.10828471541210419, 0.80901700258255, -2.823664426803589, 1.7999999523162842], "lens": 0.035, "max_depth": 1000.0, "min_depth": 0.10000000149011612}, "Camera0013": {"aspect": 1.3333333333333333, "width": 0.024, "resolution": 640, "frame": [0.9594438606766723, -0.030496590063808855, 0.28024531433071653, 0.2818997662465184, 0.10379486086922159, -0.9538129526522993, 1.9204380308224245e-08, 0.9941310702576491, 0.10818232364106763, 0.7771459817886353, -2.811203956604004, 1.7999999523162842], "lens": 0.035, "max_depth": 1000.0, "min_depth": 0.10000000149011612}, "Camera0014": {"aspect": 1.3333333333333333, "width": 0.024, "resolution": 640, "frame": [0.9630572149377025, -0.029104410371970223, 0.26771950629966385, 0.2692968636216068, 0.10408280974206195, -0.9574162981481793, 3.8399690538426505e-08, 0.9941426970073751, 0.1080754273038087, 0.7431448101997375, -2.7992608547210693, 1.7999999523162842], "lens": 0.035, "max_depth": 1000.0, "min_depth": 0.10000000149011612}, "Camera0015": {"aspect": 1.3333333333333333, "width": 0.024, "resolution": 640, "frame": [0.9666876723642478, -0.027633140002990483, 0.2544628728765117, 0.25595887188959204, 0.10436290984673291, -0.9610376886206544, 3.1364528751964826e-09, 0.994155316146274, 0.10795928574283069, 0.7071067690849304, -2.787868022918701, 1.7999999523162842], "lens": 0.035, "max_depth": 1000.0, "min_depth": 0.10000000149011612}, "Camera0016": {"aspect": 1.3333333333333333, "width": 0.024, "resolution": 640, "frame": [0.9702969442823782, -0.02608585106371541, 0.24050648284518453, 0.24191701039050253, 0.10462699962151682, -0.9646394927815887, -2.9550736968531052e-08, 0.9941693614895204, 0.10782986912501727, 0.6691306233406067, -2.7770564556121826, 1.7999999523162842], "lens": 0.035, "max_depth": 1000.0, "min_depth": 0.10000000149011612}, "Camera0017": {"aspect": 1.3333333333333333, "width": 0.024, "resolution": 640, "frame": [0.973846429437151, -0.024465941438585142, 0.22588614296152784, 0.2272072443222531, 0.10486488459337938, -0.9681839825708258, 8.306449750250522e-09, 0.9941854825377109, 0.10768113256861196, 0.6293203830718994, -2.7668561935424805, 1.7999999523162842], "lens": 0.035, "max_depth": 1000.0, "min_depth": 0.10000000149011612}, "Camera0018": {"aspect": 1.3333333333333333, "width": 0.024, "resolution": 640, "frame": [0.9772977644256893, -0.02277817150444572, 0.21064243293188584, 0.21187043127475255, 0.10506928019083588, -0.9716333499379434, -1.7721474065979237e-08, 0.9942040038458374, 0.10750999366061746, 0.5877852439880371, -2.7572948932647705, 1.7999999523162842], "lens": 0.035, "max_depth": 1000.0, "min_depth": 0.10000000149011612}, "Camera0019": {"aspect": 1.3333333333333333, "width": 0.024, "resolution": 640, "frame": [0.9806133450851434, -0.02102803572386245, 0.1948211722439871, 0.19595271736040076, 0.10523129232908982, -0.9749507206386507, 1.485429201864008e-08, 0.9942254255591866, 0.1073117103193038, 0.5446390509605408, -2.748398780822754, 1.7999999523162842], "lens": 0.035, "max_depth": 1000.0, "min_depth": 0.10000000149011612}, "Camera0020": {"aspect": 1.3333333333333333, "width": 0.024, "resolution": 640, "frame": [0.9837570428225946, -0.019222056274556306, 0.17847294822891696, 0.1795050993619507, 0.10534431942210197, -0.9781004517269943, -9.341166062881712e-09, 0.9942500122796439, 0.10708367327435109, 0.5, -2.740192413330078, 1.7999999523162842], "lens": 0.035, "max_depth": 1000.0, "min_depth": 0.10000000149011612}, "Camera0021": {"aspect": 1.3333333333333333, "width": 0.024, "resolution": 640, "frame": [0.986694750023929, -0.017367435347705688, 0.161653464128238, 0.16258373311993976, 0.10540032859891703, -0.9810490815734065, -2.1741117350870806e-08, 0.9942782019740167, 0.1068216133528976, 0.45399048924446106, -2.7326979637145996, 1.7999999523162842], "lens": 0.035, "max_depth": 1000.0, "min_depth": 0.10000000149011612}, "Camera0022": {"aspect": 1.3333333333333333, "width": 0.024, "resolution": 640, "frame": [0.9893951371207073, -0.015472347904966585, 0.14442253664925173, 0.14524896778255117, 0.10539337829202917, -0.9837657105074848, -1.3709020585395137e-08, 0.9943102344150445, 0.10652303852922569, 0.4067366421222687, -2.7259364128112793, 1.7999999523162842], "lens": 0.035, "max_depth": 1000.0, "min_depth": 0.10000000149011612}, "Camera0023": {"aspect": 1.3333333333333333, "width": 0.024, "resolution": 640, "frame": [0.9918301306278562, -0.013545511143833105, 0.1268444366402484, 0.1275656379231088, 0.10531711158808349, -0.9862227507150774, 1.5721441926075386e-09, 0.9943464311469095, 0.106184626313815, 0.3583679497241974, -2.719925880432129, 1.7999999523162842], "lens": 0.035, "max_depth": 1000.0, "min_depth": 0.10000000149011612}, "Camera0024": {"aspect": 1.3333333333333333, "width": 0.024, "resolution": 640, "frame": [0.993975582999641, -0.01159654287204595, 0.10898651565189461, 0.10960173539011059, 0.10516871428382876, -0.988396176204341, 6.9065357877207134e-09, 0.9943867767268948, 0.10580613531689342, 0.30901700258255005, -2.7146830558776855, 1.7999999523162842], "lens": 0.035, "max_depth": 1000.0, "min_depth": 0.10000000149011612}, "Camera0025": {"aspect": 1.3333333333333333, "width": 0.024, "resolution": 640, "frame": [0.9958116561494095, -0.00963521337384746, 0.09091923965922052, 0.0914283625412284, 0.1049439177848949, -0.9902664432580692, 7.265890111796125e-09, 0.9944314640955392, 0.10538530835368987, 0.258819043636322, -2.7102222442626953, 1.7999999523162842], "lens": 0.035, "max_depth": 1000.0, "min_depth": 0.10000000149011612}, "Camera0026": {"aspect": 1.3333333333333333, "width": 0.024, "resolution": 640, "frame": [0.9973232560118811, -0.007671731440704463, 0.07271497476147211, 0.07311855453891176, 0.1046409352219224, -0.9918185074185808, 2.2631567730968527e-09, 0.9944804770394354, 0.10492178414141103, 0.2079116851091385, -2.7065556049346924, 1.7999999523162842], "lens": 0.035, "max_depth": 1000.0, "min_depth": 0.10000000149011612}, "Camera0027": {"aspect": 1.3333333333333333, "width": 0.024, "resolution": 640, "frame": [0.9985002787924984, -0.005716392909224981, 0.05444737003208085, 0.054746627761926785, 0.1042588438786486, -0.9930422449331069, -2.0428125857563373e-10, 0.994533768318198, 0.10441543791415646, 0.15643446147441864, -2.703693389892578, 1.7999999523162842], "lens": 0.035, "max_depth": 1000.0, "min_depth": 0.10000000149011612}, "Camera0028": {"aspect": 1.3333333333333333, "width": 0.024, "resolution": 640, "frame": [0.9993377687768392, -0.0037794289556214275, 0.036190327615235364, 0.036387139158343434, 0.1037983087497074, -0.9939325365459025, 2.608996574338107e-09, 0.994591185873608, 0.10386709287608933, 0.10452846437692642, -2.701643466949463, 1.7999999523162842], "lens": 0.035, "max_depth": 1000.0, "min_depth": 0.10000000149011612}, "Camera0029": {"aspect": 1.3333333333333333, "width": 0.024, "resolution": 640, "frame": [0.999835926341526, -0.0018707890482829368, 0.018017229118806696, 0.0181140938714237, 0.10326121958586267, -0.9944893162487255, -1.3308933954903068e-09, 0.9946525125278561, 0.10327816478822094, 0.0523359552025795, -2.700411081314087, 1.7999999523162842], "lens": 0.035, "max_depth": 1000.0, "min_depth": 0.10000000149011612}, "Camera0030": {"aspect": 1.3333333333333333, "width": 0.024, "resolution": 640, "frame": [1.0, -2.1621183378118643e-18, 2.0951718249618868e-17, 2.1062983010915475e-17, 0.10265018789222582, -0.9947175171503168, -8.302149660249603e-25, 0.9947175171503168, 0.10265018789222582, 6.123234262925839e-17, -2.700000047683716, 1.7999999523162842], "lens": 0.035, "max_depth": 1000.0, "min_depth": 0.10000000149011612}, "Camera0031": {"aspect": 1.3333333333333333, "width": 0.024, "resolution": 640, "frame": [0.9998400511364436, 0.0018240075520025198, -0.017791715485701815, -0.0178849697644114, 0.10196897687270556, -0.9946267921245937, -3.755372013358738e-09, 0.9947859069930494, 0.10198528937065439, -0.0523359552025795, -2.700411081314087, 1.7999999523162842], "lens": 0.035, "max_depth": 1000.0, "min_depth": 0.10000000149011612}, "Camera0032": {"aspect": 1.3333333333333333, "width": 0.024, "resolution": 640, "frame": [0.9993706081379446, 0.0035930278042753333, -0.03529132671340769, -0.03547375917484311, 0.10122327070266579, -0.9942310907823494, 3.564311512604945e-09, 0.9948572458496006, 0.10128701980287227, -0.10452846437692642, -2.701643466949463, 1.7999999523162842], "lens": 0.035, "max_depth": 1000.0, "min_depth": 0.10000000149011612}, "Camera0033": {"aspect": 1.3333333333333333, "width": 0.024, "resolution": 640, "frame": [0.9986102290726083, 0.005299728559515168, -0.05243589675735628, -0.05270303968038888, 0.10041846574602384, -0.9935484494203902, -4.790264629406238e-09, 0.9949311758179106, 0.10055821888632417, -0.15643446147441864, -2.703693389892578, 1.7999999523162842], "lens": 0.035, "max_depth": 1000.0, "min_depth": 0.10000000149011612}, "Camera0034": {"aspect": 1.3333333333333333, "width": 0.024, "resolution": 640, "frame": [0.9975809831097184, 0.006937630167565023, -0.06916683761388784, -0.06951389888250936, 0.09956077889772297, -0.9926003572271325, 1.0044096221406562e-08, 0.9950072967536152, 0.09980220141391213, -0.2079116851091385, -2.7065556049346924, 1.7999999523162842], "lens": 0.035, "max_depth": 1000.0, "min_depth": 0.10000000149011612}, "Camera0035": {"aspect": 1.3333333333333333, "width": 0.024, "resolution": 640, "frame": [0.9963078862454318, 0.008501331142612813, -0.08543022400745177, -0.08585217414346444, 0.09865727227194011, -0.9914111895791273, -1.9509478477175435e-09, 0.9950851571582524, 0.09902287616170356, -0.258819043636322, -2.7102222442626953, 1.7999999523162842], "lens": 0.035, "max_depth": 1000.0, "min_depth": 0.10000000149011612}, "Camera0036": {"aspect": 1.3333333333333333, "width": 0.024, "resolution": 640, "frame": [0.9948183091468881, 0.009986379735894297, -0.10117709229809403, -0.10166873553913308, 0.09771553804274787, -0.9900076473638424, -1.829650564388885e-08, 0.9951642808324597, 0.09822450893342684, -0.30901700258255005, -2.7146830558776855, 1.7999999523162842], "lens": 0.035, "max_depth": 1000.0, "min_depth": 0.10000000149011612}, "Camera0037": {"aspect": 1.3333333333333333, "width": 0.024, "resolution": 640, "frame": [0.9931413558038946, 0.01138930650545642, -0.1163637877061709, -0.11691983318497354, 0.09674313915234865, -0.9884181896520052, 3.888374067173572e-10, 0.9952442156196006, 0.09741124819919887, -0.3583679497241974, -2.719925880432129, 1.7999999523162842], "lens": 0.035, "max_depth": 1000.0, "min_depth": 0.10000000149011612}, "Camera0038": {"aspect": 1.3333333333333333, "width": 0.024, "resolution": 640, "frame": [0.9913072860122726, 0.012707668024034235, -0.13095182271497202, -0.13156695899420354, 0.09574740198621327, -0.9866724736780226, -9.433635206335111e-09, 0.9953245451541329, 0.09658700644350922, -0.4067366421222687, -2.7259364128112793, 1.7999999523162842], "lens": 0.035, "max_depth": 1000.0, "min_depth": 0.10000000149011612}, "Camera0039": {"aspect": 1.3333333333333333, "width": 0.024, "resolution": 640, "frame": [0.989346931832506, 0.013939878544231147, -0.14490799929534198, -0.1455769503513751, 0.09473595700494113, -0.9848007158693332, -4.378574836039206e-09, 0.9954048313307154, 0.09575605340379244, -0.45399048924446106, -2.7326979637145996, 1.7999999523162842], "lens": 0.035, "max_depth": 1000.0, "min_depth": 0.10000000149011612}, "Camera0040": {"aspect": 1.3333333333333333, "width": 0.024, "resolution": 640, "frame": [0.9872911796083703, 0.015085238510595142, -0.15820417897954234, -0.15892176272465836, 0.09371607088424673, -0.9828332368161478, 2.5791901947513907e-10, 0.9954846727283636, 0.0949224228667953, -0.5, -2.740192413330078, 1.7999999523162842], "lens": 0.035, "max_depth": 1000.0, "min_depth": 0.10000000149011612}, "Camera0041": {"aspect": 1.3333333333333333, "width": 0.024, "resolution": 640, "frame": [0.9851704820495805, 0.016143796659503502, -0.1708171511517911, -0.17157832409193316, 0.09269448280470596, -0.980799985501311, -2.804938858957939e-08, 0.9955637150313307, 0.09408979388336727, -0.5446390509605408, -2.748398780822754, 1.7999999523162842], "lens": 0.035, "max_depth": 1000.0, "min_depth": 0.10000000149011612}, "Camera0042": {"aspect": 1.3333333333333333, "width": 0.024, "resolution": 640, "frame": [0.9830144856433378, 0.01711634472114074, -0.1827280814728565, -0.18352798428404224, 0.09167867743724065, -0.9787300440305257, -1.1982487890804805e-08, 0.9956415272811522, 0.09326279619041238, -0.5877852439880371, -2.7572948932647705, 1.7999999523162842], "lens": 0.035, "max_depth": 1000.0, "min_depth": 0.10000000149011612}, "Camera0043": {"aspect": 1.3333333333333333, "width": 0.024, "resolution": 640, "frame": [0.9808515881432026, 0.01800406679080818, -0.19392270526152794, -0.194756673921479, 0.09067377091472718, -0.9766514758249979, 4.549953303012444e-09, 0.9957178921999422, 0.09244392436988104, -0.6293203830718994, -2.7668561935424805, 1.7999999523162842], "lens": 0.035, "max_depth": 1000.0, "min_depth": 0.10000000149011612}, "Camera0044": {"aspect": 1.3333333333333333, "width": 0.024, "resolution": 640, "frame": [0.9787087169660698, 0.01880881516127775, -0.2043904983282211, -0.2052541043064161, 0.08968555746352125, -0.9745908133405672, -2.2683188660721495e-08, 0.995792513154566, 0.09163662338450261, -0.6691306233406067, -2.7770564556121826, 1.7999999523162842], "lens": 0.035, "max_depth": 1000.0, "min_depth": 0.10000000149011612}, "Camera0045": {"aspect": 1.3333333333333333, "width": 0.024, "resolution": 640, "frame": [0.976611131659756, 0.01953291255795898, -0.21412417622784632, -0.21501324963417912, 0.08872052659839329, -0.9725728613537671, 2.9015314595426386e-08, 0.9958650177042604, 0.09084528888661338, -0.7071067690849304, -2.787868022918701, 1.7999999523162842], "lens": 0.035, "max_depth": 1000.0, "min_depth": 0.10000000149011612}, "Camera0046": {"aspect": 1.3333333333333333, "width": 0.024, "resolution": 640, "frame": [0.9745820761224008, 0.020178693084415035, -0.2231201408352819, -0.22403074990043445, 0.0877816927650645, -0.9706207279439013, 5.8819491499662035e-09, 0.995935336636222, 0.09007111212422751, -0.7431448101997375, -2.7992608547210693, 1.7999999523162842], "lens": 0.035, "max_depth": 1000.0, "min_depth": 0.10000000149011612}, "Camera0047": {"aspect": 1.3333333333333333, "width": 0.024, "resolution": 640, "frame": [0.9726429230806332, 0.02074900618543103, -0.23137679858507507, -0.23230528229284778, 0.08687454527422872, -0.9687554227988797, 4.1904261394165574e-08, 0.9960031586926383, 0.08931801539602922, -0.7771459817886353, -2.811203956604004, 1.7999999523162842], "lens": 0.035, "max_depth": 1000.0, "min_depth": 0.10000000149011612}, "Camera0048": {"aspect": 1.3333333333333333, "width": 0.024, "resolution": 640, "frame": [0.9708128070208205, 0.02124664300712399, -0.238895529228328, -0.23983847423704635, 0.08600157292052707, -0.9669959853747279, -2.721326097798737e-08, 0.9960684261716778, 0.08858719085667051, -0.80901700258255, -2.823664426803589, 1.7999999523162842], "lens": 0.035, "max_depth": 1000.0, "min_depth": 0.10000000149011612}, "Camera0049": {"aspect": 1.3333333333333333, "width": 0.024, "resolution": 640, "frame": [0.9691087922890048, 0.02167452903166453, -0.2456793916864054, -0.24663363255676612, 0.08516660598046176, -0.9653592598186558, -2.7353650011718852e-08, 0.9961309472238198, 0.08788137449411534, -0.838670551776886, -2.8366081714630127, 1.7999999523162842], "lens": 0.035, "max_depth": 1000.0, "min_depth": 0.10000000149011612}, "Camera0050": {"aspect": 1.3333333333333333, "width": 0.024, "resolution": 640, "frame": [0.9675458590874395, 0.02203576654408324, -0.2517328654656823, -0.25269548979502576, 0.08437285623028949, -0.9638600575647872, 2.5656710533894508e-08, 0.9961905671729469, 0.08720294648486242, -0.8660253882408142, -2.8499999046325684, 1.7999999523162842], "lens": 0.035, "max_depth": 1000.0, "min_depth": 0.10000000149011612}, "Camera0051": {"aspect": 1.3333333333333333, "width": 0.024, "resolution": 640, "frame": [0.9661367651491549, 0.022333061731601402, -0.25706222083538316, -0.2580305234407807, 0.08362085432762159, -0.9625111956202874, -5.942753489307503e-08, 0.9962473523554334, 0.0865517933077374, -0.8910065293312073, -2.863802909851074, 1.7999999523162842], "lens": 0.035, "max_depth": 1000.0, "min_depth": 0.10000000149011612}, "Camera0052": {"aspect": 1.3333333333333333, "width": 0.024, "resolution": 640, "frame": [0.964892277625971, 0.0225695241353798, -0.2616744335201066, -0.26264594529093, 0.08291450978387829, -0.9613231982478802, 2.5353766308633396e-10, 0.9963010592424368, 0.08593136419491047, -0.9135454297065735, -2.877979040145874, 1.7999999523162842], "lens": 0.035, "max_depth": 1000.0, "min_depth": 0.10000000149011612}, "Camera0053": {"aspect": 1.3333333333333333, "width": 0.024, "resolution": 640, "frame": [0.9638210995696593, 0.022747794911789312, -0.26557753265474854, -0.2665499728462428, 0.08225398002541931, -0.9603048446954983, -8.593747047314082e-09, 0.9963517554541815, 0.08534154558812979, -0.9335803985595703, -2.8924896717071533, 1.7999999523162842], "lens": 0.035, "max_depth": 1000.0, "min_depth": 0.10000000149011612}, "Camera0054": {"aspect": 1.3333333333333333, "width": 0.024, "resolution": 640, "frame": [0.9629300453043697, 0.022870440968239977, -0.2687799672223412, -0.26975123326895856, 0.08164061439357999, -0.9594629134215218, 2.1738095767886986e-08, 0.9963993943250653, 0.08478353017327421, -0.9510565400123596, -2.907294988632202, 1.7999999523162842], "lens": 0.035, "max_depth": 1000.0, "min_depth": 0.10000000149011612}, "Camera0055": {"aspect": 1.3333333333333333, "width": 0.024, "resolution": 640, "frame": [0.9622240468453854, 0.022940015836597775, -0.2712906915946547, -0.2722588541672928, 0.08107534914002847, -0.9588023279536483, 4.695205291227465e-08, 0.996443948968149, 0.0842582729751724, -0.9659258127212524, -2.922354221343994, 1.7999999523162842], "lens": 0.035, "max_depth": 1000.0, "min_depth": 0.10000000149011612}, "Camera0056": {"aspect": 1.3333333333333333, "width": 0.024, "resolution": 640, "frame": [0.961706288051387, 0.022958871344559, -0.2731188491280062, -0.2740821328040604, 0.0805586456360934, -0.9583262957317072, -5.546371362186164e-09, 0.9964854212881703, 0.0837663724900252, -0.9781476259231567, -2.937626600265503, 1.7999999523162842], "lens": 0.035, "max_depth": 1000.0, "min_depth": 0.10000000149011612}, "Camera0057": {"aspect": 1.3333333333333333, "width": 0.024, "resolution": 640, "frame": [0.9613782254363192, 0.022928816307814407, -0.2742739087839678, -0.27523064447279755, 0.08008998092001954, -0.9580363705514103, -4.783521134754663e-08, 0.9965238905008517, 0.08330747662151519, -0.9876883625984192, -2.9530696868896484, 1.7999999523162842], "lens": 0.035, "max_depth": 1000.0, "min_depth": 0.10000000149011612}, "Camera0058": {"aspect": 1.3333333333333333, "width": 0.024, "resolution": 640, "frame": [0.9612397932881633, 0.022852099838890496, -0.274765065705745, -0.275713727984895, 0.07967078992688488, -0.9579324117249073, -1.7282557607245508e-08, 0.9965592540162274, 0.08288337127928704, -0.9945219159126282, -2.968641519546509, 1.7999999523162842], "lens": 0.035, "max_depth": 1000.0, "min_depth": 0.10000000149011612}, "Camera0059": {"aspect": 1.3333333333333333, "width": 0.024, "resolution": 640, "frame": [0.961289383212331, 0.022730257015821344, -0.2746016335334713, -0.27554078050854014, 0.07929998604021493, -0.9580129385821291, 2.5387370428120445e-08, 0.9965916152717804, 0.08249334742864381, -0.9986295104026794, -2.9842991828918457, 1.7999999523162842], "lens": 0.035, "max_depth": 1000.0, "min_depth": 0.10000000149011612}, "Camera0060": {"aspect": 1.3333333333333333, "width": 0.024, "resolution": 640, "frame": [0.9615239393201247, 0.02256497804433724, -0.27379287039688915, -0.27472115701981936, 0.07897730475825002, -0.95827494552389, -3.0140213880258664e-08, 0.9966209947111194, 0.08213764606450573, -1.0, -3.0, 1.7999999523162842], "lens": 0.035, "max_depth": 1000.0, "min_depth": 0.10000000149011612}, "Camera0061": {"aspect": 1.3333333333333333, "width": 0.024, "resolution": 640, "frame": [0.9619390955537066, 0.022357463500533976, -0.272347792851602, -0.27326393184120606, 0.07870250814875629, -0.9587141068982867, 3.873377352192619e-08, 0.9966474095872206, 0.08181650788857502, -0.9986295104026794, -3.0157008171081543, 1.7999999523162842], "lens": 0.035, "max_depth": 1000.0, "min_depth": 0.10000000149011612}, "Camera0062": {"aspect": 1.3333333333333333, "width": 0.024, "resolution": 640, "frame": [0.9625290927625743, 0.02210891198783539, -0.2702756770343384, -0.2711784386444759, 0.07847401758477057, -0.959324805776672, -9.466335271213211e-09, 0.9966709710706033, 0.08152898518429286, -0.9945219159126282, -3.031358480453491, 1.7999999523162842], "lens": 0.035, "max_depth": 1000.0, "min_depth": 0.10000000149011612}, "Camera0063": {"aspect": 1.3333333333333333, "width": 0.024, "resolution": 640, "frame": [0.9632871754127013, 0.02182032140686468, -0.2675849234525757, -0.2684731228361965, 0.07829181840144583, -0.9601002934516661, 1.324797338497774e-08, 0.9966916598151587, 0.08127567443524338, -0.9876883625984192, -3.0469303131103516, 1.7999999523162842], "lens": 0.035, "max_depth": 1000.0, "min_depth": 0.10000000149011612}, "Camera0064": {"aspect": 1.3333333333333333, "width": 0.024, "resolution": 640, "frame": [0.9642052882956, 0.02149274974822823, -0.2642843614954521, -0.2651568630505287, 0.07815516944607233, -0.9610325735718114, -4.3549050587898806e-08, 0.9967095019097167, 0.08105657778911188, -0.9781476259231567, -3.062373399734497, 1.7999999523162842], "lens": 0.035, "max_depth": 1000.0, "min_depth": 0.10000000149011612}, "Camera0065": {"aspect": 1.3333333333333333, "width": 0.024, "resolution": 640, "frame": [0.9652743192486385, 0.021126360305609174, -0.260382728880614, -0.2612383750505927, 0.07806201172977295, -0.9621126928409305, 6.023255139098179e-08, 0.9967246356065141, 0.08087027126860649, -0.9659258127212524, -3.077645778656006, 1.7999999523162842], "lens": 0.035, "max_depth": 1000.0, "min_depth": 0.10000000149011612}, "Camera0066": {"aspect": 1.3333333333333333, "width": 0.024, "resolution": 640, "frame": [0.9664841379996215, 0.020722210408020574, -0.2558886495937915, -0.25672633482977036, 0.07801168578242945, -0.9633305589911783, -3.3608490213055113e-08, 0.996737060050036, 0.08071699401495111, -0.9510565400123596, -3.092705011367798, 1.7999999523162842], "lens": 0.035, "max_depth": 1000.0, "min_depth": 0.10000000149011612}, "Camera0067": {"aspect": 1.3333333333333333, "width": 0.024, "resolution": 640, "frame": [0.9678237045889475, 0.020280307630628536, -0.25081065758482574, -0.2516292447942517, 0.07800275555056763, -0.9646752268462133, 1.2048978703660396e-08, 0.9967468481259047, 0.0805960343383866, -0.9335803985595703, -3.1075103282928467, 1.7999999523162842], "lens": 0.035, "max_depth": 1000.0, "min_depth": 0.10000000149011612}, "Camera0068": {"aspect": 1.3333333333333333, "width": 0.024, "resolution": 640, "frame": [0.9692810290443962, 0.019801209077385903, -0.24515749805728965, -0.24595586338738762, 0.07803393544783087, -0.9661347826177714, -3.244959501103039e-08, 0.99675404039191, 0.08050703672600011, -0.9135454297065735, -3.122020959854126, 1.7999999523162842], "lens": 0.035, "max_depth": 1000.0, "min_depth": 0.10000000149011612}, "Camera0069": {"aspect": 1.3333333333333333, "width": 0.024, "resolution": 640, "frame": [0.9708432914486544, 0.019285016546585945, -0.23893804968221544, -0.23971504635534027, 0.07810411449224905, -0.9676964626628737, 2.4944082355204955e-09, 0.9967586645904712, 0.08044976422476598, -0.8910065293312073, -3.136197090148926, 1.7999999523162842], "lens": 0.035, "max_depth": 1000.0, "min_depth": 0.10000000149011612}, "Camera0070": {"aspect": 1.3333333333333333, "width": 0.024, "resolution": 640, "frame": [0.9724968656721983, 0.018731821464594407, -0.23216150654742257, -0.23291596393925038, 0.07821126247320448, -0.9693467656956397, 1.3972462298283972e-08, 0.9967608124755738, 0.08042314786822091, -0.8660253882408142, -3.1500000953674316, 1.7999999523162842], "lens": 0.035, "max_depth": 1000.0, "min_depth": 0.10000000149011612}, "Camera0071": {"aspect": 1.3333333333333333, "width": 0.024, "resolution": 640, "frame": [0.974227365164392, 0.018141634652755468, -0.22483754592365623, -0.22556826231729818, 0.07835343472680278, -0.9710714177143034, -2.8903242466071785e-08, 0.9967605632039415, 0.08042623726969057, -0.838670551776886, -3.1633918285369873, 1.7999999523162842], "lens": 0.035, "max_depth": 1000.0, "min_depth": 0.10000000149011612}, "Camera0072": {"aspect": 1.3333333333333333, "width": 0.024, "resolution": 640, "frame": [0.9760198199100806, 0.01751446238045253, -0.21697593126938652, -0.21768167387884035, 0.0785296090871195, -0.9728554822551654, -5.681676462643281e-09, 0.9967579164993614, 0.08045903240688429, -0.80901700258255, -3.176335573196411, 1.7999999523162842], "lens": 0.035, "max_depth": 1000.0, "min_depth": 0.10000000149011612}, "Camera0073": {"aspect": 1.3333333333333333, "width": 0.024, "resolution": 640, "frame": [0.9778586032784679, 0.016850236458501592, -0.2085872036477231, -0.2092667006341048, 0.07873750987546047, -0.9746834627428167, -9.812300305611643e-09, 0.9967529654181644, 0.08052034482101747, -0.7771459817886353, -3.188796043395996, 1.7999999523162842], "lens": 0.035, "max_depth": 1000.0, "min_depth": 0.10000000149011612}, "Camera0074": {"aspect": 1.3333333333333333, "width": 0.024, "resolution": 640, "frame": [0.9797275638594453, 0.016148982856487703, -0.19968252544160564, -0.20033447185653153, 0.07897576974128798, -0.9765392604395051, -3.462488962213683e-08, 0.9967457239168233, 0.08060993644413121, -0.7431448101997375, -3.2007391452789307, 1.7999999523162842], "lens": 0.035, "max_depth": 1000.0, "min_depth": 0.10000000149011612}, "Camera0075": {"aspect": 1.3333333333333333, "width": 0.024, "resolution": 640, "frame": [0.9816100970423854, 0.0154103826250317, -0.19027384868075992, -0.19089687630874735, 0.07924147345696572, -0.978406444939899, -3.7549529707803224e-08, 0.9967363287207501, 0.08072602435571488, -0.7071067690849304, -3.212131977081299, 1.7999999523162842], "lens": 0.035, "max_depth": 1000.0, "min_depth": 0.10000000149011612}, "Camera0076": {"aspect": 1.3333333333333333, "width": 0.024, "resolution": 640, "frame": [0.9834892547098539, 0.014634616950481053, -0.18037381699395477, -0.18096653245905833, 0.0795341123046288, -0.9802680445213234, 2.407724508657338e-08, 0.996724712729963, 0.08086932071788432, -0.6691306233406067, -3.2229435443878174, 1.7999999523162842], "lens": 0.035, "max_depth": 1000.0, "min_depth": 0.10000000149011612}, "Camera0077": {"aspect": 1.3333333333333333, "width": 0.024, "resolution": 640, "frame": [0.9853477903511494, 0.013821575173003692, -0.16999616498569706, -0.170557122542881, 0.07985042171270677, -0.9821070094965189, -3.960392014334957e-10, 0.9967110284390556, 0.0810378046837407, -0.6293203830718994, -3.2331438064575195, 1.7999999523162842], "lens": 0.035, "max_depth": 1000.0, "min_depth": 0.10000000149011612}, "Camera0078": {"aspect": 1.3333333333333333, "width": 0.024, "resolution": 640, "frame": [0.9871683026139251, 0.012971293632959688, -0.15915554610452542, -0.15968325621160828, 0.08018901921918903, -0.9839059807127521, -6.237633964900624e-09, 0.9966952727580041, 0.08123135639547015, -0.5877852439880371, -3.2427051067352295, 1.7999999523162842], "lens": 0.035, "max_depth": 1000.0, "min_depth": 0.10000000149011612}, "Camera0079": {"aspect": 1.3333333333333333, "width": 0.024, "resolution": 640, "frame": [0.9889333005761957, 0.012083826705606737, -0.14786787394028764, -0.14836080011738925, 0.08054753449278798, -0.9856475879723245, -1.9692762975864753e-09, 0.9966775184678753, 0.08144890533775147, -0.5446390509605408, -3.251601219177246, 1.7999999523162842], "lens": 0.035, "max_depth": 1000.0, "min_depth": 0.10000000149011612}, "Camera0080": {"aspect": 1.3333333333333333, "width": 0.024, "resolution": 640, "frame": [0.9906253785235578, 0.01115938492930005, -0.136150018556949, -0.13660658631653833, 0.08092416288878418, -0.9873144992532479, 3.735567410956264e-09, 0.9966577888065438, 0.08168997497398778, -0.5, -3.259807586669922, 1.7999999523162842], "lens": 0.035, "max_depth": 1000.0, "min_depth": 0.10000000149011612}}}